2024/04/21 10:25,01F0017N,01F0005N,31,50,80
2024/04/21 10:25,01F0017N,01F0005N,32,49,16
2024/04/21 10:25,01F0017N,01F0005N,41,51,4
2024/04/21 10:25,01F0017N,01F0005N,42,0,0
2024/04/21 10:25,01F0017N,01F0005N,5,0,0
2024/04/21 10:25,01F0029N,01F0017N,31,49,91
2024/04/21 10:25,01F0029N,01F0017N,32,49,16
2024/04/21 10:25,01F0029N,01F0017N,41,47,3
2024/04/21 10:25,01F0029N,01F0017N,42,0,0
2024/04/21 10:25,01F0029N,01F0017N,5,0,0
2024/04/21 10:25,01F0005S,01F0017S,31,49,58
2024/04/21 10:25,01F0005S,01F0017S,32,51,14
2024/04/21 10:25,01F0005S,01F0017S,41,47,2
2024/04/21 10:25,01F0005S,01F0017S,42,0,0
2024/04/21 10:25,01F0005S,01F0017S,5,0,0
2024/04/21 10:25,01F0061N,01F0029N,31,126,119
2024/04/21 10:25,01F0061N,01F0029N,32,128,17
2024/04/21 10:25,01F0061N,01F0029N,41,128,4
2024/04/21 10:25,01F0061N,01F0029N,42,0,0
2024/04/21 10:25,01F0061N,01F0029N,5,0,0
2024/04/21 10:25,01F0017S,01F0029S,31,48,79
2024/04/21 10:25,01F0017S,01F0029S,32,49,23
2024/04/21 10:25,01F0017S,01F0029S,41,49,6
2024/04/21 10:25,01F0017S,01F0029S,42,0,0
2024/04/21 10:25,01F0017S,01F0029S,5,0,0
2024/04/21 10:25,01F0099N,01F0061N,31,259,224
2024/04/21 10:25,01F0099N,01F0061N,32,272,43
2024/04/21 10:25,01F0099N,01F0061N,41,222,5
2024/04/21 10:25,01F0099N,01F0061N,42,0,0
2024/04/21 10:25,01F0099N,01F0061N,5,1081,1
2024/04/21 10:25,01F0029S,01F0061S,31,127,121
2024/04/21 10:25,01F0029S,01F0061S,32,126,28
2024/04/21 10:25,01F0029S,01F0061S,41,128,7
2024/04/21 10:25,01F0029S,01F0061S,42,122,2
2024/04/21 10:25,01F0029S,01F0061S,5,0,0
2024/04/21 10:25,01F0147N,01F0099N,31,317,82
2024/04/21 10:25,01F0147N,01F0099N,32,317,13
2024/04/21 10:25,01F0147N,01F0099N,41,254,6
2024/04/21 10:25,01F0147N,01F0099N,42,0,0
2024/04/21 10:25,01F0147N,01F0099N,5,236,1
2024/04/21 10:25,01H0174N,01F0099N,31,426,67
2024/04/21 10:25,01H0174N,01F0099N,32,426,17
2024/04/21 10:25,01H0174N,01F0099N,41,379,2
2024/04/21 10:25,01H0174N,01F0099N,42,0,0
2024/04/21 10:25,01H0174N,01F0099N,5,0,0
2024/04/21 10:25,03F0087S,01F0099N,31,1864,2
2024/04/21 10:25,03F0087S,01F0099N,32,0,0
2024/04/21 10:25,03F0087S,01F0099N,41,0,0
2024/04/21 10:25,03F0087S,01F0099N,42,0,0
2024/04/21 10:25,03F0087S,01F0099N,5,0,0
2024/04/21 10:25,03F0116N,01F0099N,31,150,56
2024/04/21 10:25,03F0116N,01F0099N,32,142,15
2024/04/21 10:25,03F0116N,01F0099N,41,161,1
2024/04/21 10:25,03F0116N,01F0099N,42,0,0
2024/04/21 10:25,03F0116N,01F0099N,5,0,0
2024/04/21 10:25,01F0061S,01F0099S,31,147,194
2024/04/21 10:25,01F0061S,01F0099S,32,151,45
2024/04/21 10:25,01F0061S,01F0099S,41,154,9
2024/04/21 10:25,01F0061S,01F0099S,42,212,1
2024/04/21 10:25,01F0061S,01F0099S,5,162,3
2024/04/21 10:25,01F0155N,01F0147N,31,41,213
2024/04/21 10:25,01F0155N,01F0147N,32,40,42
2024/04/21 10:25,01F0155N,01F0147N,41,41,8
2024/04/21 10:25,01F0155N,01F0147N,42,39,1
2024/04/21 10:25,01F0155N,01F0147N,5,40,4
2024/04/21 10:25,01F0099S,01F0147S,31,186,99
2024/04/21 10:25,01F0099S,01F0147S,32,195,22
2024/04/21 10:25,01F0099S,01F0147S,41,204,7
2024/04/21 10:25,01F0099S,01F0147S,42,189,1
2024/04/21 10:25,01F0099S,01F0147S,5,192,2
2024/04/21 10:25,03F0087S,01F0147S,31,217,8
2024/04/21 10:25,03F0087S,01F0147S,32,201,4
2024/04/21 10:25,03F0087S,01F0147S,41,0,0
2024/04/21 10:25,03F0087S,01F0147S,42,0,0
2024/04/21 10:25,03F0087S,01F0147S,5,237,6
2024/04/21 10:25,03F0116N,01F0147S,31,214,15
2024/04/21 10:25,03F0116N,01F0147S,32,210,6
2024/04/21 10:25,03F0116N,01F0147S,41,0,0
2024/04/21 10:25,03F0116N,01F0147S,42,0,0
2024/04/21 10:25,03F0116N,01F0147S,5,0,0
2024/04/21 10:25,01F0213N,01F0155N,31,271,140
2024/04/21 10:25,01F0213N,01F0155N,32,271,32
2024/04/21 10:25,01F0213N,01F0155N,41,260,2
2024/04/21 10:25,01F0213N,01F0155N,42,284,3
2024/04/21 10:25,01F0213N,01F0155N,5,274,4
2024/04/21 10:25,01F0147S,01F0155S,31,31,161
2024/04/21 10:25,01F0147S,01F0155S,32,31,41
2024/04/21 10:25,01F0147S,01F0155S,41,34,8
2024/04/21 10:25,01F0147S,01F0155S,42,38,1
2024/04/21 10:25,01F0147S,01F0155S,5,31,11
2024/04/21 10:25,01F0155S,01F0182S,31,111,146
2024/04/21 10:25,01F0155S,01F0182S,32,110,31
2024/04/21 10:25,01F0155S,01F0182S,41,110,1
2024/04/21 10:25,01F0155S,01F0182S,42,118,4
2024/04/21 10:25,01F0155S,01F0182S,5,110,7
2024/04/21 10:25,01F0233N,01F0213N,31,87,144
2024/04/21 10:25,01F0233N,01F0213N,32,92,27
2024/04/21 10:25,01F0233N,01F0213N,41,0,0
2024/04/21 10:25,01F0233N,01F0213N,42,88,2
2024/04/21 10:25,01F0233N,01F0213N,5,89,9
2024/04/21 10:25,01F0256N,01F0233N,31,106,263
2024/04/21 10:25,01F0256N,01F0233N,32,109,46
2024/04/21 10:25,01F0256N,01F0233N,41,126,2
2024/04/21 10:25,01F0256N,01F0233N,42,0,0
2024/04/21 10:25,01F0256N,01F0233N,5,102,7
2024/04/21 10:25,01F0182S,01F0248S,31,294,104
2024/04/21 10:25,01F0182S,01F0248S,32,291,19
2024/04/21 10:25,01F0182S,01F0248S,41,286,4
2024/04/21 10:25,01F0182S,01F0248S,42,291,9
2024/04/21 10:25,01F0182S,01F0248S,5,286,8
2024/04/21 10:25,01F0293N,01F0256N,31,147,268
2024/04/21 10:25,01F0293N,01F0256N,32,144,48
2024/04/21 10:25,01F0293N,01F0256N,41,159,8
2024/04/21 10:25,01F0293N,01F0256N,42,156,2
2024/04/21 10:25,01F0293N,01F0256N,5,155,11
2024/04/21 10:25,01F0248S,01F0264S,31,62,211
2024/04/21 10:25,01F0248S,01F0264S,32,63,43
2024/04/21 10:25,01F0248S,01F0264S,41,66,3
2024/04/21 10:25,01F0248S,01F0264S,42,66,5
2024/04/21 10:25,01F0248S,01F0264S,5,64,8
2024/04/21 10:25,01F0340N,01F0293N,31,172,232
2024/04/21 10:25,01F0340N,01F0293N,32,178,43
2024/04/21 10:25,01F0340N,01F0293N,41,186,8
2024/04/21 10:25,01F0340N,01F0293N,42,184,6
2024/04/21 10:25,01F0340N,01F0293N,5,0,0
2024/04/21 10:25,01F0264S,01F0293S,31,111,220
2024/04/21 10:25,01F0264S,01F0293S,32,111,37
2024/04/21 10:25,01F0264S,01F0293S,41,121,10
2024/04/21 10:25,01F0264S,01F0293S,42,131,4
2024/04/21 10:25,01F0264S,01F0293S,5,120,8
2024/04/21 10:25,01F0293S,01F0339S,31,178,209
2024/04/21 10:25,01F0293S,01F0339S,32,184,41
2024/04/21 10:25,01F0293S,01F0339S,41,190,16
2024/04/21 10:25,01F0293S,01F0339S,42,190,4
2024/04/21 10:25,01F0293S,01F0339S,5,194,8
2024/04/21 10:25,01H0305S,01F0339S,31,132,78
2024/04/21 10:25,01H0305S,01F0339S,32,126,21
2024/04/21 10:25,01H0305S,01F0339S,41,138,1
2024/04/21 10:25,01H0305S,01F0339S,42,0,0
2024/04/21 10:25,01H0305S,01F0339S,5,0,0
2024/04/21 10:25,01F0376N,01F0340N,31,145,343
2024/04/21 10:25,01F0376N,01F0340N,32,148,62
2024/04/21 10:25,01F0376N,01F0340N,41,159,10
2024/04/21 10:25,01F0376N,01F0340N,42,154,8
2024/04/21 10:25,01F0376N,01F0340N,5,154,2
2024/04/21 10:25,01H0447N,01F0340N,31,396,95
2024/04/21 10:25,01H0447N,01F0340N,32,398,21
2024/04/21 10:25,01H0447N,01F0340N,41,434,3
2024/04/21 10:25,01H0447N,01F0340N,42,0,0
2024/04/21 10:25,01H0447N,01F0340N,5,0,0
2024/04/21 10:25,01F0413N,01F0376N,31,138,205
2024/04/21 10:25,01F0413N,01F0376N,32,139,49
2024/04/21 10:25,01F0413N,01F0376N,41,145,11
2024/04/21 10:25,01F0413N,01F0376N,42,154,3
2024/04/21 10:25,01F0413N,01F0376N,5,166,2
2024/04/21 10:25,01F0339S,01F0376S,31,162,325
2024/04/21 10:25,01F0339S,01F0376S,32,163,72
2024/04/21 10:25,01F0339S,01F0376S,41,167,11
2024/04/21 10:25,01F0339S,01F0376S,42,169,5
2024/04/21 10:25,01F0339S,01F0376S,5,167,9
2024/04/21 10:25,01F0467N,01F0413N,31,210,214
2024/04/21 10:25,01F0467N,01F0413N,32,207,44
2024/04/21 10:25,01F0467N,01F0413N,41,243,9
2024/04/21 10:25,01F0467N,01F0413N,42,226,2
2024/04/21 10:25,01F0467N,01F0413N,5,327,5
2024/04/21 10:25,01F0376S,01F0413S,31,148,179
2024/04/21 10:25,01F0376S,01F0413S,32,152,28
2024/04/21 10:25,01F0376S,01F0413S,41,173,5
2024/04/21 10:25,01F0376S,01F0413S,42,175,6
2024/04/21 10:25,01F0376S,01F0413S,5,219,10
2024/04/21 10:25,01F0492N,01F0467N,31,97,209
2024/04/21 10:25,01F0492N,01F0467N,32,97,32
2024/04/21 10:25,01F0492N,01F0467N,41,104,1
2024/04/21 10:25,01F0492N,01F0467N,42,100,7
2024/04/21 10:25,01F0492N,01F0467N,5,110,2
2024/04/21 10:25,01F0413S,01F0467S,31,197,173
2024/04/21 10:25,01F0413S,01F0467S,32,202,37
2024/04/21 10:25,01F0413S,01F0467S,41,212,1
2024/04/21 10:25,01F0413S,01F0467S,42,212,4
2024/04/21 10:25,01F0413S,01F0467S,5,219,2
2024/04/21 10:25,01F0511N,01F0492N,31,68,234
2024/04/21 10:25,01F0511N,01F0492N,32,70,50
2024/04/21 10:25,01F0511N,01F0492N,41,69,1
2024/04/21 10:25,01F0511N,01F0492N,42,72,3
2024/04/21 10:25,01F0511N,01F0492N,5,74,1
2024/04/21 10:25,01F0467S,01F0492S,31,88,190
2024/04/21 10:25,01F0467S,01F0492S,32,90,24
2024/04/21 10:25,01F0467S,01F0492S,41,93,5
2024/04/21 10:25,01F0467S,01F0492S,42,88,3
2024/04/21 10:25,01F0467S,01F0492S,5,97,3
2024/04/21 10:25,01F0532N,01F0511N,31,78,194
2024/04/21 10:25,01F0532N,01F0511N,32,81,49
2024/04/21 10:25,01F0532N,01F0511N,41,83,2
2024/04/21 10:25,01F0532N,01F0511N,42,84,4
2024/04/21 10:25,01F0532N,01F0511N,5,0,0
2024/04/21 10:25,03F0525S,01F0511N,31,576,12
2024/04/21 10:25,03F0525S,01F0511N,32,2160,1
2024/04/21 10:25,03F0525S,01F0511N,41,0,0
2024/04/21 10:25,03F0525S,01F0511N,42,0,0
2024/04/21 10:25,03F0525S,01F0511N,5,0,0
2024/04/21 10:25,03F0559N,01F0511N,31,574,15
2024/04/21 10:25,03F0559N,01F0511N,32,1631,1
2024/04/21 10:25,03F0559N,01F0511N,41,0,0
2024/04/21 10:25,03F0559N,01F0511N,42,0,0
2024/04/21 10:25,03F0559N,01F0511N,5,0,0
2024/04/21 10:25,01F0492S,01F0511S,31,67,210
2024/04/21 10:25,01F0492S,01F0511S,32,69,31
2024/04/21 10:25,01F0492S,01F0511S,41,67,4
2024/04/21 10:25,01F0492S,01F0511S,42,75,4
2024/04/21 10:25,01F0492S,01F0511S,5,79,5
2024/04/21 10:25,01F0532S,01F0532N,31,1968,13
2024/04/21 10:25,01F0532S,01F0532N,32,2344,2
2024/04/21 10:25,01F0532S,01F0532N,41,0,0
2024/04/21 10:25,01F0532S,01F0532N,42,0,0
2024/04/21 10:25,01F0532S,01F0532N,5,3135,1
2024/04/21 10:25,01F0557N,01F0532N,31,94,286
2024/04/21 10:25,01F0557N,01F0532N,32,94,70
2024/04/21 10:25,01F0557N,01F0532N,41,91,3
2024/04/21 10:25,01F0557N,01F0532N,42,106,4
2024/04/21 10:25,01F0557N,01F0532N,5,108,1
2024/04/21 10:25,01F0511S,01F0532S,31,79,203
2024/04/21 10:25,01F0511S,01F0532S,32,80,39
2024/04/21 10:25,01F0511S,01F0532S,41,83,3
2024/04/21 10:25,01F0511S,01F0532S,42,81,4
2024/04/21 10:25,01F0511S,01F0532S,5,82,7
2024/04/21 10:25,03F0525S,01F0532S,31,587,12
2024/04/21 10:25,03F0525S,01F0532S,32,607,3
2024/04/21 10:25,03F0525S,01F0532S,41,0,0
2024/04/21 10:25,03F0525S,01F0532S,42,588,1
2024/04/21 10:25,03F0525S,01F0532S,5,0,0
2024/04/21 10:25,03F0559N,01F0532S,31,581,1
2024/04/21 10:25,03F0559N,01F0532S,32,0,0
2024/04/21 10:25,03F0559N,01F0532S,41,3028,1
2024/04/21 10:25,03F0559N,01F0532S,42,0,0
2024/04/21 10:25,03F0559N,01F0532S,5,0,0
2024/04/21 10:25,01F0584N,01F0557N,31,99,163
2024/04/21 10:25,01F0584N,01F0557N,32,103,41
2024/04/21 10:25,01F0584N,01F0557N,41,110,4
2024/04/21 10:25,01F0584N,01F0557N,42,106,4
2024/04/21 10:25,01F0584N,01F0557N,5,111,3
2024/04/21 10:25,01F0532S,01F0557S,31,99,269
2024/04/21 10:25,01F0532S,01F0557S,32,102,46
2024/04/21 10:25,01F0532S,01F0557S,41,105,7
2024/04/21 10:25,01F0532S,01F0557S,42,104,8
2024/04/21 10:25,01F0532S,01F0557S,5,102,10
2024/04/21 10:25,01F0557N,01F0557S,31,1492,14
2024/04/21 10:25,01F0557N,01F0557S,32,2135,4
2024/04/21 10:25,01F0557N,01F0557S,41,0,0
2024/04/21 10:25,01F0557N,01F0557S,42,2974,1
2024/04/21 10:25,01F0557N,01F0557S,5,0,0
2024/04/21 10:25,01F0557S,01F0578S,31,80,187
2024/04/21 10:25,01F0557S,01F0578S,32,85,32
2024/04/21 10:25,01F0557S,01F0578S,41,92,5
2024/04/21 10:25,01F0557S,01F0578S,42,84,9
2024/04/21 10:25,01F0557S,01F0578S,5,86,11
2024/04/21 10:25,01F0633N,01F0584N,31,189,152
2024/04/21 10:25,01F0633N,01F0584N,32,202,41
2024/04/21 10:25,01F0633N,01F0584N,41,205,7
2024/04/21 10:25,01F0633N,01F0584N,42,207,5
2024/04/21 10:25,01F0633N,01F0584N,5,197,5
2024/04/21 10:25,01H0608N,01F0584N,31,94,49
2024/04/21 10:25,01H0608N,01F0584N,32,93,2
2024/04/21 10:25,01H0608N,01F0584N,41,0,0
2024/04/21 10:25,01H0608N,01F0584N,42,0,0
2024/04/21 10:25,01H0608N,01F0584N,5,0,0
2024/04/21 10:25,01F0664N,01F0633N,31,112,177
2024/04/21 10:25,01F0664N,01F0633N,32,110,26
2024/04/21 10:25,01F0664N,01F0633N,41,117,2
2024/04/21 10:25,01F0664N,01F0633N,42,122,6
2024/04/21 10:25,01F0664N,01F0633N,5,123,7
2024/04/21 10:25,01F0578S,01F0633S,31,206,147
2024/04/21 10:25,01F0578S,01F0633S,32,211,34
2024/04/21 10:25,01F0578S,01F0633S,41,221,4
2024/04/21 10:25,01F0578S,01F0633S,42,241,3
2024/04/21 10:25,01F0578S,01F0633S,5,239,11
2024/04/21 10:25,01H0579S,01F0633S,31,210,59
2024/04/21 10:25,01H0579S,01F0633S,32,205,14
2024/04/21 10:25,01H0579S,01F0633S,41,0,0
2024/04/21 10:25,01H0579S,01F0633S,42,0,0
2024/04/21 10:25,01H0579S,01F0633S,5,0,0
2024/04/21 10:25,01F0681N,01F0664N,31,63,260
2024/04/21 10:25,01F0681N,01F0664N,32,63,38
2024/04/21 10:25,01F0681N,01F0664N,41,69,1
2024/04/21 10:25,01F0681N,01F0664N,42,67,7
2024/04/21 10:25,01F0681N,01F0664N,5,66,6
2024/04/21 10:25,01F0633S,01F0664S,31,120,187
2024/04/21 10:25,01F0633S,01F0664S,32,120,36
2024/04/21 10:25,01F0633S,01F0664S,41,128,3
2024/04/21 10:25,01F0633S,01F0664S,42,154,1
2024/04/21 10:25,01F0633S,01F0664S,5,151,10
2024/04/21 10:25,01F0699N,01F0681N,31,67,183
2024/04/21 10:25,01F0699N,01F0681N,32,65,25
2024/04/21 10:25,01F0699N,01F0681N,41,67,1
2024/04/21 10:25,01F0699N,01F0681N,42,73,4
2024/04/21 10:25,01F0699N,01F0681N,5,73,6
2024/04/21 10:25,01F0664S,01F0681S,31,63,233
2024/04/21 10:25,01F0664S,01F0681S,32,63,56
2024/04/21 10:25,01F0664S,01F0681S,41,63,3
2024/04/21 10:25,01F0664S,01F0681S,42,71,1
2024/04/21 10:25,01F0664S,01F0681S,5,76,12
2024/04/21 10:25,01F0750N,01F0699N,31,180,183
2024/04/21 10:25,01F0750N,01F0699N,32,177,24
2024/04/21 10:25,01F0750N,01F0699N,41,0,0
2024/04/21 10:25,01F0750N,01F0699N,42,188,2
2024/04/21 10:25,01F0750N,01F0699N,5,190,5
2024/04/21 10:25,01F0681S,01F0699S,31,69,148
2024/04/21 10:25,01F0681S,01F0699S,32,68,32
2024/04/21 10:25,01F0681S,01F0699S,41,71,3
2024/04/21 10:25,01F0681S,01F0699S,42,83,1
2024/04/21 10:25,01F0681S,01F0699S,5,89,5
2024/04/21 10:25,01F0880N,01F0750N,31,483,228
2024/04/21 10:25,01F0880N,01F0750N,32,499,49
2024/04/21 10:25,01F0880N,01F0750N,41,1321,5
2024/04/21 10:25,01F0880N,01F0750N,42,502,2
2024/04/21 10:25,01F0880N,01F0750N,5,0,0
2024/04/21 10:25,01F0699S,01F0750S,31,184,157
2024/04/21 10:25,01F0699S,01F0750S,32,183,33
2024/04/21 10:25,01F0699S,01F0750S,41,196,4
2024/04/21 10:25,01F0699S,01F0750S,42,197,2
2024/04/21 10:25,01F0699S,01F0750S,5,225,5
2024/04/21 10:25,01H0610S,01F0750S,31,526,135
2024/04/21 10:25,01H0610S,01F0750S,32,531,23
2024/04/21 10:25,01H0610S,01F0750S,41,543,2
2024/04/21 10:25,01H0610S,01F0750S,42,0,0
2024/04/21 10:25,01H0610S,01F0750S,5,0,0
2024/04/21 10:25,01F0928N,01F0880N,31,180,235
2024/04/21 10:25,01F0928N,01F0880N,32,182,44
2024/04/21 10:25,01F0928N,01F0880N,41,190,4
2024/04/21 10:25,01F0928N,01F0880N,42,173,2
2024/04/21 10:25,01F0928N,01F0880N,5,0,0
2024/04/21 10:25,01F0750S,01F0880S,31,478,266
2024/04/21 10:25,01F0750S,01F0880S,32,488,63
2024/04/21 10:25,01F0750S,01F0880S,41,506,4
2024/04/21 10:25,01F0750S,01F0880S,42,512,3
2024/04/21 10:25,01F0750S,01F0880S,5,600,4
2024/04/21 10:25,01F0956N,01F0928N,31,98,168
2024/04/21 10:25,01F0956N,01F0928N,32,100,40
2024/04/21 10:25,01F0956N,01F0928N,41,103,2
2024/04/21 10:25,01F0956N,01F0928N,42,0,0
2024/04/21 10:25,01F0956N,01F0928N,5,108,4
2024/04/21 10:25,01F0880S,01F0928S,31,191,278
2024/04/21 10:25,01F0880S,01F0928S,32,194,50
2024/04/21 10:25,01F0880S,01F0928S,41,193,4
2024/04/21 10:25,01F0880S,01F0928S,42,198,5
2024/04/21 10:25,01F0880S,01F0928S,5,208,4
2024/04/21 10:25,01F0928S,01F0950S,31,89,270
2024/04/21 10:25,01F0928S,01F0950S,32,89,38
2024/04/21 10:25,01F0928S,01F0950S,41,92,4
2024/04/21 10:25,01F0928S,01F0950S,42,86,3
2024/04/21 10:25,01F0928S,01F0950S,5,91,4
2024/04/21 10:25,01F0979N,01F0956N,31,82,182
2024/04/21 10:25,01F0979N,01F0956N,32,84,37
2024/04/21 10:25,01F0979N,01F0956N,41,88,5
2024/04/21 10:25,01F0979N,01F0956N,42,0,0
2024/04/21 10:25,01F0979N,01F0956N,5,93,6
2024/04/21 10:25,01F1045N,01F0979N,31,239,154
2024/04/21 10:25,01F1045N,01F0979N,32,243,35
2024/04/21 10:25,01F1045N,01F0979N,41,257,3
2024/04/21 10:25,01F1045N,01F0979N,42,255,1
2024/04/21 10:25,01F1045N,01F0979N,5,270,3
2024/04/21 10:25,03F0996S,01F0979N,31,89,25
2024/04/21 10:25,03F0996S,01F0979N,32,89,2
2024/04/21 10:25,03F0996S,01F0979N,41,0,0
2024/04/21 10:25,03F0996S,01F0979N,42,0,0
2024/04/21 10:25,03F0996S,01F0979N,5,0,0
2024/04/21 10:25,03F1022N,01F0979N,31,133,97
2024/04/21 10:25,03F1022N,01F0979N,32,130,19
2024/04/21 10:25,03F1022N,01F0979N,41,0,0
2024/04/21 10:25,03F1022N,01F0979N,42,149,3
2024/04/21 10:25,03F1022N,01F0979N,5,0,0
2024/04/21 10:25,01F0950S,01F0980S,31,122,261
2024/04/21 10:25,01F0950S,01F0980S,32,122,46
2024/04/21 10:25,01F0950S,01F0980S,41,125,5
2024/04/21 10:25,01F0950S,01F0980S,42,126,3
2024/04/21 10:25,01F0950S,01F0980S,5,127,4
2024/04/21 10:25,01F1123N,01F1045N,31,283,200
2024/04/21 10:25,01F1123N,01F1045N,32,288,35
2024/04/21 10:25,01F1123N,01F1045N,41,299,11
2024/04/21 10:25,01F1123N,01F1045N,42,301,1
2024/04/21 10:25,01F1123N,01F1045N,5,0,0
2024/04/21 10:25,01F0980S,01F1045S,31,238,229
2024/04/21 10:25,01F0980S,01F1045S,32,241,36
2024/04/21 10:25,01F0980S,01F1045S,41,247,4
2024/04/21 10:25,01F0980S,01F1045S,42,257,3
2024/04/21 10:25,01F0980S,01F1045S,5,280,2
2024/04/21 10:25,03F0996S,01F1045S,31,252,80
2024/04/21 10:25,03F0996S,01F1045S,32,254,13
2024/04/21 10:25,03F0996S,01F1045S,41,264,3
2024/04/21 10:25,03F0996S,01F1045S,42,0,0
2024/04/21 10:25,03F0996S,01F1045S,5,0,0
2024/04/21 10:25,03F1022N,01F1045S,31,250,13
2024/04/21 10:25,03F1022N,01F1045S,32,242,2
2024/04/21 10:25,03F1022N,01F1045S,41,0,0
2024/04/21 10:25,03F1022N,01F1045S,42,0,0
2024/04/21 10:25,03F1022N,01F1045S,5,0,0
2024/04/21 10:25,01F1292N,01F1123N,31,600,181
2024/04/21 10:25,01F1292N,01F1123N,32,598,51
2024/04/21 10:25,01F1292N,01F1123N,41,631,6
2024/04/21 10:25,01F1292N,01F1123N,42,0,0
2024/04/21 10:25,01F1292N,01F1123N,5,634,2
2024/04/21 10:25,01F1045S,01F1123S,31,290,248
2024/04/21 10:25,01F1045S,01F1123S,32,292,39
2024/04/21 10:25,01F1045S,01F1123S,41,301,5
2024/04/21 10:25,01F1045S,01F1123S,42,329,4
2024/04/21 10:25,01F1045S,01F1123S,5,341,2
2024/04/21 10:25,01F1389N,01F1292N,31,333,153
2024/04/21 10:25,01F1389N,01F1292N,32,331,37
2024/04/21 10:25,01F1389N,01F1292N,41,356,9
2024/04/21 10:25,01F1389N,01F1292N,42,376,1
2024/04/21 10:25,01F1389N,01F1292N,5,420,3
2024/04/21 10:25,01F1123S,01F1292S,31,612,241
2024/04/21 10:25,01F1123S,01F1292S,32,630,45
2024/04/21 10:25,01F1123S,01F1292S,41,637,5
2024/04/21 10:25,01F1123S,01F1292S,42,705,2
2024/04/21 10:25,01F1123S,01F1292S,5,0,0
2024/04/21 10:25,01F1465N,01F1389N,31,268,227
2024/04/21 10:25,01F1465N,01F1389N,32,270,50
2024/04/21 10:25,01F1465N,01F1389N,41,278,5
2024/04/21 10:25,01F1465N,01F1389N,42,302,2
2024/04/21 10:25,01F1465N,01F1389N,5,300,1
2024/04/21 10:25,01F1292S,01F1389S,31,342,178
2024/04/21 10:25,01F1292S,01F1389S,32,343,36
2024/04/21 10:25,01F1292S,01F1389S,41,384,6
2024/04/21 10:25,01F1292S,01F1389S,42,365,3
2024/04/21 10:25,01F1292S,01F1389S,5,401,1
2024/04/21 10:25,01F1572N,01F1465N,31,383,239
2024/04/21 10:25,01F1572N,01F1465N,32,381,52
2024/04/21 10:25,01F1572N,01F1465N,41,407,5
2024/04/21 10:25,01F1572N,01F1465N,42,436,3
2024/04/21 10:25,01F1572N,01F1465N,5,0,0
2024/04/21 10:25,01F1389S,01F1465S,31,265,223
2024/04/21 10:25,01F1389S,01F1465S,32,267,40
2024/04/21 10:25,01F1389S,01F1465S,41,276,2
2024/04/21 10:25,01F1389S,01F1465S,42,281,1
2024/04/21 10:25,01F1389S,01F1465S,5,285,3
2024/04/21 10:25,01F1621N,01F1572N,31,173,249
2024/04/21 10:25,01F1621N,01F1572N,32,175,40
2024/04/21 10:25,01F1621N,01F1572N,41,188,10
2024/04/21 10:25,01F1621N,01F1572N,42,174,3
2024/04/21 10:25,01F1621N,01F1572N,5,193,4
2024/04/21 10:25,01F1465S,01F1572S,31,376,188
2024/04/21 10:25,01F1465S,01F1572S,32,376,39
2024/04/21 10:25,01F1465S,01F1572S,41,393,4
2024/04/21 10:25,01F1465S,01F1572S,42,375,4
2024/04/21 10:25,01F1465S,01F1572S,5,439,3
2024/04/21 10:25,01F1664N,01F1621N,31,167,227
2024/04/21 10:25,01F1664N,01F1621N,32,165,43
2024/04/21 10:25,01F1664N,01F1621N,41,175,10
2024/04/21 10:25,01F1664N,01F1621N,42,170,2
2024/04/21 10:25,01F1664N,01F1621N,5,174,4
2024/04/21 10:25,03F1651S,01F1621N,31,3147,1
2024/04/21 10:25,03F1651S,01F1621N,32,0,0
2024/04/21 10:25,03F1651S,01F1621N,41,0,0
2024/04/21 10:25,03F1651S,01F1621N,42,0,0
2024/04/21 10:25,03F1651S,01F1621N,5,0,0
2024/04/21 10:25,03F1710N,01F1621N,31,632,11
2024/04/21 10:25,03F1710N,01F1621N,32,2360,1
2024/04/21 10:25,03F1710N,01F1621N,41,0,0
2024/04/21 10:25,03F1710N,01F1621N,42,0,0
2024/04/21 10:25,03F1710N,01F1621N,5,0,0
2024/04/21 10:25,01F1572S,01F1621S,31,172,189
2024/04/21 10:25,01F1572S,01F1621S,32,174,40
2024/04/21 10:25,01F1572S,01F1621S,41,197,6
2024/04/21 10:25,01F1572S,01F1621S,42,170,2
2024/04/21 10:25,01F1572S,01F1621S,5,212,1
2024/04/21 10:25,01F1699N,01F1664N,31,130,262
2024/04/21 10:25,01F1699N,01F1664N,32,131,50
2024/04/21 10:25,01F1699N,01F1664N,41,135,8
2024/04/21 10:25,01F1699N,01F1664N,42,153,4
2024/04/21 10:25,01F1699N,01F1664N,5,149,4
2024/04/21 10:25,01F1621S,01F1664S,31,150,172
2024/04/21 10:25,01F1621S,01F1664S,32,155,29
2024/04/21 10:25,01F1621S,01F1664S,41,174,6
2024/04/21 10:25,01F1621S,01F1664S,42,167,1
2024/04/21 10:25,01F1621S,01F1664S,5,174,2
2024/04/21 10:25,03F1651S,01F1664S,31,553,39
2024/04/21 10:25,03F1651S,01F1664S,32,545,9
2024/04/21 10:25,03F1651S,01F1664S,41,0,0
2024/04/21 10:25,03F1651S,01F1664S,42,0,0
2024/04/21 10:25,03F1651S,01F1664S,5,0,0
2024/04/21 10:25,03F1710N,01F1664S,31,0,0
2024/04/21 10:25,03F1710N,01F1664S,32,0,0
2024/04/21 10:25,03F1710N,01F1664S,41,0,0
2024/04/21 10:25,03F1710N,01F1664S,42,0,0
2024/04/21 10:25,03F1710N,01F1664S,5,0,0
2024/04/21 10:25,01F1774N,01F1699N,31,272,236
2024/04/21 10:25,01F1774N,01F1699N,32,273,38
2024/04/21 10:25,01F1774N,01F1699N,41,298,6
2024/04/21 10:25,01F1774N,01F1699N,42,283,3
2024/04/21 10:25,01F1774N,01F1699N,5,320,3
2024/04/21 10:25,01F1664S,01F1699S,31,131,202
2024/04/21 10:25,01F1664S,01F1699S,32,132,42
2024/04/21 10:25,01F1664S,01F1699S,41,138,5
2024/04/21 10:25,01F1664S,01F1699S,42,138,4
2024/04/21 10:25,01F1664S,01F1699S,5,149,3
2024/04/21 10:25,01F1802N,01F1774N,31,93,146
2024/04/21 10:25,01F1802N,01F1774N,32,98,38
2024/04/21 10:25,01F1802N,01F1774N,41,92,1
2024/04/21 10:25,01F1802N,01F1774N,42,111,2
2024/04/21 10:25,01F1802N,01F1774N,5,117,3
2024/04/21 10:25,01F1699S,01F1774S,31,273,191
2024/04/21 10:25,01F1699S,01F1774S,32,272,46
2024/04/21 10:25,01F1699S,01F1774S,41,286,12
2024/04/21 10:25,01F1699S,01F1774S,42,298,3
2024/04/21 10:25,01F1699S,01F1774S,5,329,4
2024/04/21 10:25,01F1839N,01F1802N,31,124,167
2024/04/21 10:25,01F1839N,01F1802N,32,126,42
2024/04/21 10:25,01F1839N,01F1802N,41,147,6
2024/04/21 10:25,01F1839N,01F1802N,42,159,5
2024/04/21 10:25,01F1839N,01F1802N,5,171,3
2024/04/21 10:25,01F1774S,01F1802S,31,93,149
2024/04/21 10:25,01F1774S,01F1802S,32,94,39
2024/04/21 10:25,01F1774S,01F1802S,41,100,5
2024/04/21 10:25,01F1774S,01F1802S,42,101,4
2024/04/21 10:25,01F1774S,01F1802S,5,124,3
2024/04/21 10:25,01F1906N,01F1839N,31,237,203
2024/04/21 10:25,01F1906N,01F1839N,32,235,47
2024/04/21 10:25,01F1906N,01F1839N,41,255,4
2024/04/21 10:25,01F1906N,01F1839N,42,272,4
2024/04/21 10:25,01F1906N,01F1839N,5,269,5
2024/04/21 10:25,01F1802S,01F1839S,31,126,176
2024/04/21 10:25,01F1802S,01F1839S,32,130,38
2024/04/21 10:25,01F1802S,01F1839S,41,128,4
2024/04/21 10:25,01F1802S,01F1839S,42,134,3
2024/04/21 10:25,01F1802S,01F1839S,5,171,2
2024/04/21 10:25,01F1960N,01F1906N,31,185,185
2024/04/21 10:25,01F1960N,01F1906N,32,186,52
2024/04/21 10:25,01F1960N,01F1906N,41,197,10
2024/04/21 10:25,01F1960N,01F1906N,42,196,3
2024/04/21 10:25,01F1960N,01F1906N,5,203,4
2024/04/21 10:25,03F1944S,01F1906N,31,228,10
2024/04/21 10:25,03F1944S,01F1906N,32,248,6
2024/04/21 10:25,03F1944S,01F1906N,41,0,0
2024/04/21 10:25,03F1944S,01F1906N,42,0,0
2024/04/21 10:25,03F1944S,01F1906N,5,0,0
2024/04/21 10:25,03F1992N,01F1906N,31,235,10
2024/04/21 10:25,03F1992N,01F1906N,32,241,5
2024/04/21 10:25,03F1992N,01F1906N,41,0,0
2024/04/21 10:25,03F1992N,01F1906N,42,0,0
2024/04/21 10:25,03F1992N,01F1906N,5,0,0
2024/04/21 10:25,01F1839S,01F1906S,31,235,190
2024/04/21 10:25,01F1839S,01F1906S,32,238,46
2024/04/21 10:25,01F1839S,01F1906S,41,257,5
2024/04/21 10:25,01F1839S,01F1906S,42,239,1
2024/04/21 10:25,01F1839S,01F1906S,5,284,1
2024/04/21 10:25,01F2011N,01F1960N,31,178,228
2024/04/21 10:25,01F2011N,01F1960N,32,180,56
2024/04/21 10:25,01F2011N,01F1960N,41,185,7
2024/04/21 10:25,01F2011N,01F1960N,42,182,6
2024/04/21 10:25,01F2011N,01F1960N,5,210,10
2024/04/21 10:25,01F1906S,01F1960S,31,187,196
2024/04/21 10:25,01F1906S,01F1960S,32,186,43
2024/04/21 10:25,01F1906S,01F1960S,41,199,6
2024/04/21 10:25,01F1906S,01F1960S,42,206,2
2024/04/21 10:25,01F1906S,01F1960S,5,0,0
2024/04/21 10:25,03F1944S,01F1960S,31,254,68
2024/04/21 10:25,03F1944S,01F1960S,32,251,18
2024/04/21 10:25,03F1944S,01F1960S,41,263,1
2024/04/21 10:25,03F1944S,01F1960S,42,0,0
2024/04/21 10:25,03F1944S,01F1960S,5,288,3
2024/04/21 10:25,03F1992N,01F1960S,31,273,55
2024/04/21 10:25,03F1992N,01F1960S,32,273,12
2024/04/21 10:25,03F1992N,01F1960S,41,0,0
2024/04/21 10:25,03F1992N,01F1960S,42,0,0
2024/04/21 10:25,03F1992N,01F1960S,5,0,0
2024/04/21 10:25,01F2089N,01F2011N,31,265,249
2024/04/21 10:25,01F2089N,01F2011N,32,266,52
2024/04/21 10:25,01F2089N,01F2011N,41,293,5
2024/04/21 10:25,01F2089N,01F2011N,42,286,6
2024/04/21 10:25,01F2089N,01F2011N,5,303,6
2024/04/21 10:25,01F1960S,01F2011S,31,187,269
2024/04/21 10:25,01F1960S,01F2011S,32,188,69
2024/04/21 10:25,01F1960S,01F2011S,41,196,8
2024/04/21 10:25,01F1960S,01F2011S,42,209,4
2024/04/21 10:25,01F1960S,01F2011S,5,213,5
2024/04/21 10:25,01F2156N,01F2089N,31,236,249
2024/04/21 10:25,01F2156N,01F2089N,32,243,48
2024/04/21 10:25,01F2156N,01F2089N,41,250,7
2024/04/21 10:25,01F2156N,01F2089N,42,261,7
2024/04/21 10:25,01F2156N,01F2089N,5,274,5
2024/04/21 10:25,01F2011S,01F2089S,31,290,278
2024/04/21 10:25,01F2011S,01F2089S,32,294,81
2024/04/21 10:25,01F2011S,01F2089S,41,302,10
2024/04/21 10:25,01F2011S,01F2089S,42,307,1
2024/04/21 10:25,01F2011S,01F2089S,5,319,8
2024/04/21 10:25,01F2249N,01F2156N,31,304,186
2024/04/21 10:25,01F2249N,01F2156N,32,309,48
2024/04/21 10:25,01F2249N,01F2156N,41,336,7
2024/04/21 10:25,01F2249N,01F2156N,42,396,4
2024/04/21 10:25,01F2249N,01F2156N,5,409,11
2024/04/21 10:25,01F2089S,01F2156S,31,240,227
2024/04/21 10:25,01F2089S,01F2156S,32,241,54
2024/04/21 10:25,01F2089S,01F2156S,41,255,6
2024/04/21 10:25,01F2089S,01F2156S,42,288,1
2024/04/21 10:25,01F2089S,01F2156S,5,282,10
2024/04/21 10:25,01F2322N,01F2249N,31,254,196
2024/04/21 10:25,01F2322N,01F2249N,32,254,45
2024/04/21 10:25,01F2322N,01F2249N,41,528,7
2024/04/21 10:25,01F2322N,01F2249N,42,289,4
2024/04/21 10:25,01F2322N,01F2249N,5,304,5
2024/04/21 10:25,01F2156S,01F2249S,31,324,228
2024/04/21 10:25,01F2156S,01F2249S,32,322,49
2024/04/21 10:25,01F2156S,01F2249S,41,340,6
2024/04/21 10:25,01F2156S,01F2249S,42,342,6
2024/04/21 10:25,01F2156S,01F2249S,5,385,5
2024/04/21 10:25,01F2394N,01F2322N,31,242,193
2024/04/21 10:25,01F2394N,01F2322N,32,243,38
2024/04/21 10:25,01F2394N,01F2322N,41,274,3
2024/04/21 10:25,01F2394N,01F2322N,42,0,0
2024/04/21 10:25,01F2394N,01F2322N,5,312,10
2024/04/21 10:25,01F2249S,01F2322S,31,265,249
2024/04/21 10:25,01F2249S,01F2322S,32,264,49
2024/04/21 10:25,01F2249S,01F2322S,41,1757,9
2024/04/21 10:25,01F2249S,01F2322S,42,295,6
2024/04/21 10:25,01F2249S,01F2322S,5,318,2
2024/04/21 10:25,01F2425N,01F2394N,31,102,181
2024/04/21 10:25,01F2425N,01F2394N,32,101,31
2024/04/21 10:25,01F2425N,01F2394N,41,110,6
2024/04/21 10:25,01F2425N,01F2394N,42,106,5
2024/04/21 10:25,01F2425N,01F2394N,5,143,17
2024/04/21 10:25,01F2322S,01F2394S,31,246,222
2024/04/21 10:25,01F2322S,01F2394S,32,250,49
2024/04/21 10:25,01F2322S,01F2394S,41,270,8
2024/04/21 10:25,01F2322S,01F2394S,42,284,4
2024/04/21 10:25,01F2322S,01F2394S,5,0,0
2024/04/21 10:25,01F2472N,01F2425N,31,156,171
2024/04/21 10:25,01F2472N,01F2425N,32,155,35
2024/04/21 10:25,01F2472N,01F2425N,41,163,3
2024/04/21 10:25,01F2472N,01F2425N,42,225,3
2024/04/21 10:25,01F2472N,01F2425N,5,222,11
2024/04/21 10:25,01F2394S,01F2425S,31,105,259
2024/04/21 10:25,01F2394S,01F2425S,32,109,63
2024/04/21 10:25,01F2394S,01F2425S,41,119,8
2024/04/21 10:25,01F2394S,01F2425S,42,129,3
2024/04/21 10:25,01F2394S,01F2425S,5,148,1
2024/04/21 10:25,01F2514N,01F2472N,31,142,188
2024/04/21 10:25,01F2514N,01F2472N,32,142,43
2024/04/21 10:25,01F2514N,01F2472N,41,154,17
2024/04/21 10:25,01F2514N,01F2472N,42,170,2
2024/04/21 10:25,01F2514N,01F2472N,5,201,9
2024/04/21 10:25,01F2425S,01F2472S,31,155,213
2024/04/21 10:25,01F2425S,01F2472S,32,155,41
2024/04/21 10:25,01F2425S,01F2472S,41,172,8
2024/04/21 10:25,01F2425S,01F2472S,42,167,2
2024/04/21 10:25,01F2425S,01F2472S,5,181,3
2024/04/21 10:25,01F2603N,01F2514N,31,297,161
2024/04/21 10:25,01F2603N,01F2514N,32,294,32
2024/04/21 10:25,01F2603N,01F2514N,41,319,10
2024/04/21 10:25,01F2603N,01F2514N,42,316,5
2024/04/21 10:25,01F2603N,01F2514N,5,433,8
2024/04/21 10:25,01F2472S,01F2514S,31,142,223
2024/04/21 10:25,01F2472S,01F2514S,32,142,33
2024/04/21 10:25,01F2472S,01F2514S,41,159,7
2024/04/21 10:25,01F2472S,01F2514S,42,171,4
2024/04/21 10:25,01F2472S,01F2514S,5,182,3
2024/04/21 10:25,01F2674N,01F2603N,31,243,183
2024/04/21 10:25,01F2674N,01F2603N,32,245,39
2024/04/21 10:25,01F2674N,01F2603N,41,273,3
2024/04/21 10:25,01F2674N,01F2603N,42,271,6
2024/04/21 10:25,01F2674N,01F2603N,5,322,11
2024/04/21 10:25,01F2514S,01F2603S,31,296,171
2024/04/21 10:25,01F2514S,01F2603S,32,301,40
2024/04/21 10:25,01F2514S,01F2603S,41,313,6
2024/04/21 10:25,01F2514S,01F2603S,42,323,4
2024/04/21 10:25,01F2514S,01F2603S,5,359,6
2024/04/21 10:25,01F2714N,01F2674N,31,140,185
2024/04/21 10:25,01F2714N,01F2674N,32,137,35
2024/04/21 10:25,01F2714N,01F2674N,41,155,13
2024/04/21 10:25,01F2714N,01F2674N,42,162,6
2024/04/21 10:25,01F2714N,01F2674N,5,180,8
2024/04/21 10:25,01F2603S,01F2674S,31,240,160
2024/04/21 10:25,01F2603S,01F2674S,32,242,54
2024/04/21 10:25,01F2603S,01F2674S,41,263,8
2024/04/21 10:25,01F2603S,01F2674S,42,245,3
2024/04/21 10:25,01F2603S,01F2674S,5,324,6
2024/04/21 10:25,01F2827N,01F2714N,31,394,187
2024/04/21 10:25,01F2827N,01F2714N,32,395,32
2024/04/21 10:25,01F2827N,01F2714N,41,434,7
2024/04/21 10:25,01F2827N,01F2714N,42,476,8
2024/04/21 10:25,01F2827N,01F2714N,5,532,11
2024/04/21 10:25,01F2674S,01F2714S,31,134,173
2024/04/21 10:25,01F2674S,01F2714S,32,136,50
2024/04/21 10:25,01F2674S,01F2714S,41,144,8
2024/04/21 10:25,01F2674S,01F2714S,42,167,3
2024/04/21 10:25,01F2674S,01F2714S,5,170,5
2024/04/21 10:25,01F2866N,01F2827N,31,131,186
2024/04/21 10:25,01F2866N,01F2827N,32,133,51
2024/04/21 10:25,01F2866N,01F2827N,41,139,2
2024/04/21 10:25,01F2866N,01F2827N,42,146,7
2024/04/21 10:25,01F2866N,01F2827N,5,178,9
2024/04/21 10:25,01F2714S,01F2827S,31,371,147
2024/04/21 10:25,01F2714S,01F2827S,32,375,35
2024/04/21 10:25,01F2714S,01F2827S,41,429,4
2024/04/21 10:25,01F2714S,01F2827S,42,0,0
2024/04/21 10:25,01F2714S,01F2827S,5,444,4
2024/04/21 10:25,01F2930N,01F2866N,31,227,203
2024/04/21 10:25,01F2930N,01F2866N,32,223,63
2024/04/21 10:25,01F2930N,01F2866N,41,848,3
2024/04/21 10:25,01F2930N,01F2866N,42,246,5
2024/04/21 10:25,01F2930N,01F2866N,5,310,14
2024/04/21 10:25,01F2827S,01F2866S,31,134,172
2024/04/21 10:25,01F2827S,01F2866S,32,135,45
2024/04/21 10:25,01F2827S,01F2866S,41,143,5
2024/04/21 10:25,01F2827S,01F2866S,42,142,5
2024/04/21 10:25,01F2827S,01F2866S,5,152,9
2024/04/21 10:25,01F3019N,01F2930N,31,322,225
2024/04/21 10:25,01F3019N,01F2930N,32,325,56
2024/04/21 10:25,01F3019N,01F2930N,41,347,8
2024/04/21 10:25,01F3019N,01F2930N,42,407,5
2024/04/21 10:25,01F3019N,01F2930N,5,389,13
2024/04/21 10:25,01F2866S,01F2930S,31,208,134
2024/04/21 10:25,01F2866S,01F2930S,32,205,27
2024/04/21 10:25,01F2866S,01F2930S,41,229,7
2024/04/21 10:25,01F2866S,01F2930S,42,228,6
2024/04/21 10:25,01F2866S,01F2930S,5,260,10
2024/04/21 10:25,01F3083N,01F3019N,31,267,263
2024/04/21 10:25,01F3083N,01F3019N,32,272,52
2024/04/21 10:25,01F3083N,01F3019N,41,279,6
2024/04/21 10:25,01F3083N,01F3019N,42,271,7
2024/04/21 10:25,01F3083N,01F3019N,5,303,10
2024/04/21 10:25,01F2930S,01F3019S,31,304,175
2024/04/21 10:25,01F2930S,01F3019S,32,308,39
2024/04/21 10:25,01F2930S,01F3019S,41,350,5
2024/04/21 10:25,01F2930S,01F3019S,42,330,3
2024/04/21 10:25,01F2930S,01F3019S,5,368,7
2024/04/21 10:25,01F3126N,01F3083N,31,164,271
2024/04/21 10:25,01F3126N,01F3083N,32,167,58
2024/04/21 10:25,01F3126N,01F3083N,41,174,5
2024/04/21 10:25,01F3126N,01F3083N,42,200,1
2024/04/21 10:25,01F3126N,01F3083N,5,180,16
2024/04/21 10:25,01F3019S,01F3083S,31,213,171
2024/04/21 10:25,01F3019S,01F3083S,32,219,35
2024/04/21 10:25,01F3019S,01F3083S,41,224,5
2024/04/21 10:25,01F3019S,01F3083S,42,239,3
2024/04/21 10:25,01F3019S,01F3083S,5,270,9
2024/04/21 10:25,01F3185N,01F3126N,31,222,259
2024/04/21 10:25,01F3185N,01F3126N,32,219,66
2024/04/21 10:25,01F3185N,01F3126N,41,238,3
2024/04/21 10:25,01F3185N,01F3126N,42,0,0
2024/04/21 10:25,01F3185N,01F3126N,5,243,9
2024/04/21 10:25,03F3445S,01F3126N,31,0,0
2024/04/21 10:25,03F3445S,01F3126N,32,0,0
2024/04/21 10:25,03F3445S,01F3126N,41,0,0
2024/04/21 10:25,03F3445S,01F3126N,42,0,0
2024/04/21 10:25,03F3445S,01F3126N,5,0,0
2024/04/21 10:25,03F3496N,01F3126N,31,537,14
2024/04/21 10:25,03F3496N,01F3126N,32,519,4
2024/04/21 10:25,03F3496N,01F3126N,41,536,2
2024/04/21 10:25,03F3496N,01F3126N,42,543,2
2024/04/21 10:25,03F3496N,01F3126N,5,0,0
2024/04/21 10:25,01F3083S,01F3126S,31,141,201
2024/04/21 10:25,01F3083S,01F3126S,32,148,40
2024/04/21 10:25,01F3083S,01F3126S,41,156,4
2024/04/21 10:25,01F3083S,01F3126S,42,149,3
2024/04/21 10:25,01F3083S,01F3126S,5,171,5
2024/04/21 10:25,01F3227N,01F3185N,31,160,246
2024/04/21 10:25,01F3227N,01F3185N,32,160,63
2024/04/21 10:25,01F3227N,01F3185N,41,0,0
2024/04/21 10:25,01F3227N,01F3185N,42,170,7
2024/04/21 10:25,01F3227N,01F3185N,5,177,7
2024/04/21 10:25,01F3126S,01F3185S,31,211,173
2024/04/21 10:25,01F3126S,01F3185S,32,215,25
2024/04/21 10:25,01F3126S,01F3185S,41,230,3
2024/04/21 10:25,01F3126S,01F3185S,42,231,3
2024/04/21 10:25,01F3126S,01F3185S,5,250,6
2024/04/21 10:25,03F3445S,01F3185S,31,543,17
2024/04/21 10:25,03F3445S,01F3185S,32,564,1
2024/04/21 10:25,03F3445S,01F3185S,41,0,0
2024/04/21 10:25,03F3445S,01F3185S,42,0,0
2024/04/21 10:25,03F3445S,01F3185S,5,0,0
2024/04/21 10:25,03F3496N,01F3185S,31,544,1
2024/04/21 10:25,03F3496N,01F3185S,32,554,1
2024/04/21 10:25,03F3496N,01F3185S,41,0,0
2024/04/21 10:25,03F3496N,01F3185S,42,0,0
2024/04/21 10:25,03F3496N,01F3185S,5,0,0
2024/04/21 10:25,01F3252N,01F3227N,31,100,238
2024/04/21 10:25,01F3252N,01F3227N,32,99,44
2024/04/21 10:25,01F3252N,01F3227N,41,100,3
2024/04/21 10:25,01F3252N,01F3227N,42,104,6
2024/04/21 10:25,01F3252N,01F3227N,5,113,8
2024/04/21 10:25,01F3185S,01F3227S,31,152,227
2024/04/21 10:25,01F3185S,01F3227S,32,163,40
2024/04/21 10:25,01F3185S,01F3227S,41,167,3
2024/04/21 10:25,01F3185S,01F3227S,42,160,4
2024/04/21 10:25,01F3185S,01F3227S,5,182,14
2024/04/21 10:25,01F3286N,01F3252N,31,121,188
2024/04/21 10:25,01F3286N,01F3252N,32,121,41
2024/04/21 10:25,01F3286N,01F3252N,41,137,3
2024/04/21 10:25,01F3286N,01F3252N,42,141,2
2024/04/21 10:25,01F3286N,01F3252N,5,148,10
2024/04/21 10:25,01F3227S,01F3252S,31,86,203
2024/04/21 10:25,01F3227S,01F3252S,32,90,48
2024/04/21 10:25,01F3227S,01F3252S,41,96,3
2024/04/21 10:25,01F3227S,01F3252S,42,85,2
2024/04/21 10:25,01F3227S,01F3252S,5,103,17
2024/04/21 10:25,01F3366N,01F3286N,31,300,199
2024/04/21 10:25,01F3366N,01F3286N,32,298,42
2024/04/21 10:25,01F3366N,01F3286N,41,0,0
2024/04/21 10:25,01F3366N,01F3286N,42,347,1
2024/04/21 10:25,01F3366N,01F3286N,5,384,8
2024/04/21 10:25,01F3252S,01F3286S,31,116,149
2024/04/21 10:25,01F3252S,01F3286S,32,119,42
2024/04/21 10:25,01F3252S,01F3286S,41,129,6
2024/04/21 10:25,01F3252S,01F3286S,42,0,0
2024/04/21 10:25,01F3252S,01F3286S,5,140,14
2024/04/21 10:25,01F3398N,01F3366N,31,112,248
2024/04/21 10:25,01F3398N,01F3366N,32,114,52
2024/04/21 10:25,01F3398N,01F3366N,41,117,2
2024/04/21 10:25,01F3398N,01F3366N,42,123,1
2024/04/21 10:25,01F3398N,01F3366N,5,140,11
2024/04/21 10:25,01F3286S,01F3366S,31,281,158
2024/04/21 10:25,01F3286S,01F3366S,32,282,33
2024/04/21 10:25,01F3286S,01F3366S,41,319,4
2024/04/21 10:25,01F3286S,01F3366S,42,339,2
2024/04/21 10:25,01F3286S,01F3366S,5,333,9
2024/04/21 10:25,01F3460N,01F3398N,31,248,247
2024/04/21 10:25,01F3460N,01F3398N,32,252,43
2024/04/21 10:25,01F3460N,01F3398N,41,252,4
2024/04/21 10:25,01F3460N,01F3398N,42,245,2
2024/04/21 10:25,01F3460N,01F3398N,5,275,14
2024/04/21 10:25,01F3366S,01F3398S,31,106,199
2024/04/21 10:25,01F3366S,01F3398S,32,107,39
2024/04/21 10:25,01F3366S,01F3398S,41,131,2
2024/04/21 10:25,01F3366S,01F3398S,42,140,1
2024/04/21 10:25,01F3366S,01F3398S,5,127,13
2024/04/21 10:25,01F3535N,01F3460N,31,282,276
2024/04/21 10:25,01F3535N,01F3460N,32,283,51
2024/04/21 10:25,01F3535N,01F3460N,41,303,4
2024/04/21 10:25,01F3535N,01F3460N,42,315,2
2024/04/21 10:25,01F3535N,01F3460N,5,326,9
2024/04/21 10:25,01F3398S,01F3460S,31,213,198
2024/04/21 10:25,01F3398S,01F3460S,32,214,38
2024/04/21 10:25,01F3398S,01F3460S,41,242,2
2024/04/21 10:25,01F3398S,01F3460S,42,234,8
2024/04/21 10:25,01F3398S,01F3460S,5,249,4
2024/04/21 10:25,01F3559N,01F3535N,31,92,220
2024/04/21 10:25,01F3559N,01F3535N,32,93,56
2024/04/21 10:25,01F3559N,01F3535N,41,97,6
2024/04/21 10:25,01F3559N,01F3535N,42,94,3
2024/04/21 10:25,01F3559N,01F3535N,5,112,5
2024/04/21 10:25,01F3460S,01F3535S,31,268,232
2024/04/21 10:25,01F3460S,01F3535S,32,270,51
2024/04/21 10:25,01F3460S,01F3535S,41,310,4
2024/04/21 10:25,01F3460S,01F3535S,42,310,3
2024/04/21 10:25,01F3460S,01F3535S,5,306,2
2024/04/21 10:25,01F3590N,01F3559N,31,120,197
2024/04/21 10:25,01F3590N,01F3559N,32,120,58
2024/04/21 10:25,01F3590N,01F3559N,41,117,5
2024/04/21 10:25,01F3590N,01F3559N,42,144,3
2024/04/21 10:25,01F3590N,01F3559N,5,139,6
2024/04/21 10:25,01F3535S,01F3561S,31,96,217
2024/04/21 10:25,01F3535S,01F3561S,32,98,48
2024/04/21 10:25,01F3535S,01F3561S,41,92,1
2024/04/21 10:25,01F3535S,01F3561S,42,98,5
2024/04/21 10:25,01F3535S,01F3561S,5,0,0
2024/04/21 10:25,01F3640N,01F3590N,31,188,174
2024/04/21 10:25,01F3640N,01F3590N,32,188,51
2024/04/21 10:25,01F3640N,01F3590N,41,198,3
2024/04/21 10:25,01F3640N,01F3590N,42,204,5
2024/04/21 10:25,01F3640N,01F3590N,5,209,6
2024/04/21 10:25,03F3743S,01F3590N,31,0,0
2024/04/21 10:25,03F3743S,01F3590N,32,0,0
2024/04/21 10:25,03F3743S,01F3590N,41,0,0
2024/04/21 10:25,03F3743S,01F3590N,42,0,0
2024/04/21 10:25,03F3743S,01F3590N,5,0,0
2024/04/21 10:25,03F3854N,01F3590N,31,0,0
2024/04/21 10:25,03F3854N,01F3590N,32,0,0
2024/04/21 10:25,03F3854N,01F3590N,41,0,0
2024/04/21 10:25,03F3854N,01F3590N,42,0,0
2024/04/21 10:25,03F3854N,01F3590N,5,0,0
2024/04/21 10:25,01F3561S,01F3590S,31,109,200
2024/04/21 10:25,01F3561S,01F3590S,32,113,55
2024/04/21 10:25,01F3561S,01F3590S,41,122,1
2024/04/21 10:25,01F3561S,01F3590S,42,128,3
2024/04/21 10:25,01F3561S,01F3590S,5,0,0
2024/04/21 10:25,01F3676N,01F3640N,31,142,188
2024/04/21 10:25,01F3676N,01F3640N,32,138,39
2024/04/21 10:25,01F3676N,01F3640N,41,152,7
2024/04/21 10:25,01F3676N,01F3640N,42,151,6
2024/04/21 10:25,01F3676N,01F3640N,5,152,17
2024/04/21 10:25,01F3590S,01F3640S,31,183,181
2024/04/21 10:25,01F3590S,01F3640S,32,185,41
2024/04/21 10:25,01F3590S,01F3640S,41,196,1
2024/04/21 10:25,01F3590S,01F3640S,42,199,2
2024/04/21 10:25,01F3590S,01F3640S,5,220,2
2024/04/21 10:25,03F3743S,01F3640S,31,1041,11
2024/04/21 10:25,03F3743S,01F3640S,32,1048,5
2024/04/21 10:25,03F3743S,01F3640S,41,0,0
2024/04/21 10:25,03F3743S,01F3640S,42,0,0
2024/04/21 10:25,03F3743S,01F3640S,5,0,0
2024/04/21 10:25,03F3854N,01F3640S,31,823,6
2024/04/21 10:25,03F3854N,01F3640S,32,876,1
2024/04/21 10:25,03F3854N,01F3640S,41,0,0
2024/04/21 10:25,03F3854N,01F3640S,42,0,0
2024/04/21 10:25,03F3854N,01F3640S,5,0,0
2024/04/21 10:25,01F3696N,01F3676N,31,76,187
2024/04/21 10:25,01F3696N,01F3676N,32,78,41
2024/04/21 10:25,01F3696N,01F3676N,41,95,2
2024/04/21 10:25,01F3696N,01F3676N,42,89,8
2024/04/21 10:25,01F3696N,01F3676N,5,87,13
2024/04/21 10:25,01F3640S,01F3676S,31,132,195
2024/04/21 10:25,01F3640S,01F3676S,32,133,53
2024/04/21 10:25,01F3640S,01F3676S,41,142,3
2024/04/21 10:25,01F3640S,01F3676S,42,134,2
2024/04/21 10:25,01F3640S,01F3676S,5,145,4
2024/04/21 10:25,01F3676S,01F3686S,31,37,191
2024/04/21 10:25,01F3676S,01F3686S,32,38,50
2024/04/21 10:25,01F3676S,01F3686S,41,40,1
2024/04/21 10:25,01F3676S,01F3686S,42,38,2
2024/04/21 10:25,01F3676S,01F3686S,5,40,7
2024/04/21 10:25,01F3736N,01F3696N,31,157,7
2024/04/21 10:25,01F3736N,01F3696N,32,199,1
2024/04/21 10:25,01F3736N,01F3696N,41,0,0
2024/04/21 10:25,01F3736N,01F3696N,42,0,0
2024/04/21 10:25,01F3736N,01F3696N,5,167,3
2024/04/21 10:25,01F3686S,01F3736S,31,191,5
2024/04/21 10:25,01F3686S,01F3736S,32,187,4
2024/04/21 10:25,01F3686S,01F3736S,41,0,0
2024/04/21 10:25,01F3686S,01F3736S,42,0,0
2024/04/21 10:25,01F3686S,01F3736S,5,217,3
2024/04/21 10:25,01F0099S,01H0163S,31,253,57
2024/04/21 10:25,01F0099S,01H0163S,32,248,11
2024/04/21 10:25,01F0099S,01H0163S,41,271,1
2024/04/21 10:25,01F0099S,01H0163S,42,0,0
2024/04/21 10:25,01F0099S,01H0163S,5,0,0
2024/04/21 10:25,03F0087S,01H0163S,31,275,11
2024/04/21 10:25,03F0087S,01H0163S,32,263,5
2024/04/21 10:25,03F0087S,01H0163S,41,0,0
2024/04/21 10:25,03F0087S,01H0163S,42,0,0
2024/04/21 10:25,03F0087S,01H0163S,5,0,0
2024/04/21 10:25,03F0116N,01H0163S,31,271,18
2024/04/21 10:25,03F0116N,01H0163S,32,264,4
2024/04/21 10:25,03F0116N,01H0163S,41,289,1
2024/04/21 10:25,03F0116N,01H0163S,42,0,0
2024/04/21 10:25,03F0116N,01H0163S,5,0,0
2024/04/21 10:25,01H0200N,01H0174N,31,101,105
2024/04/21 10:25,01H0200N,01H0174N,32,103,30
2024/04/21 10:25,01H0200N,01H0174N,41,102,7
2024/04/21 10:25,01H0200N,01H0174N,42,0,0
2024/04/21 10:25,01H0200N,01H0174N,5,0,0
2024/04/21 10:25,01H0208N,01H0200N,31,31,186
2024/04/21 10:25,01H0208N,01H0200N,32,31,36
2024/04/21 10:25,01H0208N,01H0200N,41,34,5
2024/04/21 10:25,01H0208N,01H0200N,42,0,0
2024/04/21 10:25,01H0208N,01H0200N,5,0,0
2024/04/21 10:25,01H0163S,01H0206S,31,169,99
2024/04/21 10:25,01H0163S,01H0206S,32,162,14
2024/04/21 10:25,01H0163S,01H0206S,41,0,0
2024/04/21 10:25,01H0163S,01H0206S,42,159,1
2024/04/21 10:25,01H0163S,01H0206S,5,0,0
2024/04/21 10:25,01H0271N,01H0208N,31,251,213
2024/04/21 10:25,01H0271N,01H0208N,32,250,40
2024/04/21 10:25,01H0271N,01H0208N,41,264,5
2024/04/21 10:25,01H0271N,01H0208N,42,0,0
2024/04/21 10:25,01H0271N,01H0208N,5,0,0
2024/04/21 10:25,01F0340N,01H0271N,31,264,104
2024/04/21 10:25,01F0340N,01H0271N,32,260,13
2024/04/21 10:25,01F0340N,01H0271N,41,273,2
2024/04/21 10:25,01F0340N,01H0271N,42,0,0
2024/04/21 10:25,01F0340N,01H0271N,5,0,0
2024/04/21 10:25,01H0333N,01H0271N,31,238,91
2024/04/21 10:25,01H0333N,01H0271N,32,240,10
2024/04/21 10:25,01H0333N,01H0271N,41,241,1
2024/04/21 10:25,01H0333N,01H0271N,42,0,0
2024/04/21 10:25,01H0333N,01H0271N,5,0,0
2024/04/21 10:25,01H0206S,01H0305S,31,381,163
2024/04/21 10:25,01H0206S,01H0305S,32,375,41
2024/04/21 10:25,01H0206S,01H0305S,41,412,3
2024/04/21 10:25,01H0206S,01H0305S,42,0,0
2024/04/21 10:25,01H0206S,01H0305S,5,0,0
2024/04/21 10:25,01H0447N,01H0333N,31,410,75
2024/04/21 10:25,01H0447N,01H0333N,32,406,15
2024/04/21 10:25,01H0447N,01H0333N,41,482,1
2024/04/21 10:25,01H0447N,01H0333N,42,0,0
2024/04/21 10:25,01H0447N,01H0333N,5,0,0
2024/04/21 10:25,01H0305S,01H0334S,31,110,95
2024/04/21 10:25,01H0305S,01H0334S,32,114,24
2024/04/21 10:25,01H0305S,01H0334S,41,121,4
2024/04/21 10:25,01H0305S,01H0334S,42,0,0
2024/04/21 10:25,01H0305S,01H0334S,5,0,0
2024/04/21 10:25,01H0579N,01H0447N,31,470,146
2024/04/21 10:25,01H0579N,01H0447N,32,477,29
2024/04/21 10:25,01H0579N,01H0447N,41,508,4
2024/04/21 10:25,01H0579N,01H0447N,42,0,0
2024/04/21 10:25,01H0579N,01H0447N,5,0,0
2024/04/21 10:25,01F0339S,01H0447S,31,443,151
2024/04/21 10:25,01F0339S,01H0447S,32,449,24
2024/04/21 10:25,01F0339S,01H0447S,41,457,5
2024/04/21 10:25,01F0339S,01H0447S,42,0,0
2024/04/21 10:25,01F0339S,01H0447S,5,0,0
2024/04/21 10:25,01H0334S,01H0447S,31,423,88
2024/04/21 10:25,01H0334S,01H0447S,32,434,16
2024/04/21 10:25,01H0334S,01H0447S,41,478,2
2024/04/21 10:25,01H0334S,01H0447S,42,0,0
2024/04/21 10:25,01H0334S,01H0447S,5,0,0
2024/04/21 10:25,01F0633N,01H0579N,31,217,54
2024/04/21 10:25,01F0633N,01H0579N,32,226,13
2024/04/21 10:25,01F0633N,01H0579N,41,0,0
2024/04/21 10:25,01F0633N,01H0579N,42,0,0
2024/04/21 10:25,01F0633N,01H0579N,5,0,0
2024/04/21 10:25,01H0608N,01H0579N,31,110,95
2024/04/21 10:25,01H0608N,01H0579N,32,112,8
2024/04/21 10:25,01H0608N,01H0579N,41,113,7
2024/04/21 10:25,01H0608N,01H0579N,42,0,0
2024/04/21 10:25,01H0608N,01H0579N,5,0,0
2024/04/21 10:25,01H0447S,01H0579S,31,486,157
2024/04/21 10:25,01H0447S,01H0579S,32,493,31
2024/04/21 10:25,01H0447S,01H0579S,41,487,7
2024/04/21 10:25,01H0447S,01H0579S,42,484,1
2024/04/21 10:25,01H0447S,01H0579S,5,0,0
2024/04/21 10:25,01F0750N,01H0608N,31,504,120
2024/04/21 10:25,01F0750N,01H0608N,32,509,20
2024/04/21 10:25,01F0750N,01H0608N,41,529,7
2024/04/21 10:25,01F0750N,01H0608N,42,0,0
2024/04/21 10:25,01F0750N,01H0608N,5,0,0
2024/04/21 10:25,01F0578S,01H0610S,31,130,44
2024/04/21 10:25,01F0578S,01H0610S,32,132,13
2024/04/21 10:25,01F0578S,01H0610S,41,0,0
2024/04/21 10:25,01F0578S,01H0610S,42,0,0
2024/04/21 10:25,01F0578S,01H0610S,5,0,0
2024/04/21 10:25,01H0579S,01H0610S,31,122,115
2024/04/21 10:25,01H0579S,01H0610S,32,122,20
2024/04/21 10:25,01H0579S,01H0610S,41,128,6
2024/04/21 10:25,01H0579S,01H0610S,42,0,0
2024/04/21 10:25,01H0579S,01H0610S,5,0,0
2024/04/21 10:25,03A0041N,03A0015N,31,120,42
2024/04/21 10:25,03A0041N,03A0015N,32,116,10
2024/04/21 10:25,03A0041N,03A0015N,41,114,1
2024/04/21 10:25,03A0041N,03A0015N,42,0,0
2024/04/21 10:25,03A0041N,03A0015N,5,0,0
2024/04/21 10:25,03F0201S,03A0041N,31,73,53
2024/04/21 10:25,03F0201S,03A0041N,32,75,15
2024/04/21 10:25,03F0201S,03A0041N,41,78,5
2024/04/21 10:25,03F0201S,03A0041N,42,0,0
2024/04/21 10:25,03F0201S,03A0041N,5,0,0
2024/04/21 10:25,03F0217N,03A0041N,31,114,26
2024/04/21 10:25,03F0217N,03A0041N,32,123,3
2024/04/21 10:25,03F0217N,03A0041N,41,0,0
2024/04/21 10:25,03F0217N,03A0041N,42,0,0
2024/04/21 10:25,03F0217N,03A0041N,5,0,0
2024/04/21 10:25,03A0015S,03A0041S,31,127,46
2024/04/21 10:25,03A0015S,03A0041S,32,127,15
2024/04/21 10:25,03A0015S,03A0041S,41,135,2
2024/04/21 10:25,03A0015S,03A0041S,42,137,1
2024/04/21 10:25,03A0015S,03A0041S,5,0,0
2024/04/21 10:25,03F0054N,03F0021N,31,135,100
2024/04/21 10:25,03F0054N,03F0021N,32,135,25
2024/04/21 10:25,03F0054N,03F0021N,41,0,0
2024/04/21 10:25,03F0054N,03F0021N,42,0,0
2024/04/21 10:25,03F0054N,03F0021N,5,140,5
2024/04/21 10:25,01F0099S,03F0054N,31,2186,1
2024/04/21 10:25,01F0099S,03F0054N,32,0,0
2024/04/21 10:25,01F0099S,03F0054N,41,2430,1
2024/04/21 10:25,01F0099S,03F0054N,42,0,0
2024/04/21 10:25,01F0099S,03F0054N,5,0,0
2024/04/21 10:25,01F0147N,03F0054N,31,369,36
2024/04/21 10:25,01F0147N,03F0054N,32,378,5
2024/04/21 10:25,01F0147N,03F0054N,41,397,1
2024/04/21 10:25,01F0147N,03F0054N,42,0,0
2024/04/21 10:25,01F0147N,03F0054N,5,387,1
2024/04/21 10:25,01H0174N,03F0054N,31,458,16
2024/04/21 10:25,01H0174N,03F0054N,32,481,7
2024/04/21 10:25,01H0174N,03F0054N,41,455,1
2024/04/21 10:25,01H0174N,03F0054N,42,0,0
2024/04/21 10:25,01H0174N,03F0054N,5,0,0
2024/04/21 10:25,03F0116N,03F0054N,31,245,46
2024/04/21 10:25,03F0116N,03F0054N,32,246,24
2024/04/21 10:25,03F0116N,03F0054N,41,0,0
2024/04/21 10:25,03F0116N,03F0054N,42,0,0
2024/04/21 10:25,03F0116N,03F0054N,5,254,2
2024/04/21 10:25,03F0006S,03F0087S,31,317,47
2024/04/21 10:25,03F0006S,03F0087S,32,311,15
2024/04/21 10:25,03F0006S,03F0087S,41,0,0
2024/04/21 10:25,03F0006S,03F0087S,42,504,1
2024/04/21 10:25,03F0006S,03F0087S,5,342,3
2024/04/21 10:25,03F0140N,03F0116N,31,98,137
2024/04/21 10:25,03F0140N,03F0116N,32,98,37
2024/04/21 10:25,03F0140N,03F0116N,41,98,2
2024/04/21 10:25,03F0140N,03F0116N,42,0,0
2024/04/21 10:25,03F0140N,03F0116N,5,0,0
2024/04/21 10:25,01F0099S,03F0116S,31,127,52
2024/04/21 10:25,01F0099S,03F0116S,32,132,18
2024/04/21 10:25,01F0099S,03F0116S,41,0,0
2024/04/21 10:25,01F0099S,03F0116S,42,0,0
2024/04/21 10:25,01F0099S,03F0116S,5,0,0
2024/04/21 10:25,01F0147N,03F0116S,31,173,32
2024/04/21 10:25,01F0147N,03F0116S,32,171,4
2024/04/21 10:25,01F0147N,03F0116S,41,0,0
2024/04/21 10:25,01F0147N,03F0116S,42,0,0
2024/04/21 10:25,01F0147N,03F0116S,5,0,0
2024/04/21 10:25,01H0174N,03F0116S,31,271,34
2024/04/21 10:25,01H0174N,03F0116S,32,285,4
2024/04/21 10:25,01H0174N,03F0116S,41,0,0
2024/04/21 10:25,01H0174N,03F0116S,42,0,0
2024/04/21 10:25,01H0174N,03F0116S,5,0,0
2024/04/21 10:25,03F0087S,03F0116S,31,113,29
2024/04/21 10:25,03F0087S,03F0116S,32,109,9
2024/04/21 10:25,03F0087S,03F0116S,41,0,0
2024/04/21 10:25,03F0087S,03F0116S,42,0,0
2024/04/21 10:25,03F0087S,03F0116S,5,126,1
2024/04/21 10:25,03F0116S,03F0136S,31,79,123
2024/04/21 10:25,03F0116S,03F0136S,32,81,29
2024/04/21 10:25,03F0116S,03F0136S,41,0,0
2024/04/21 10:25,03F0116S,03F0136S,42,72,1
2024/04/21 10:25,03F0116S,03F0136S,5,0,0
2024/04/21 10:25,03F0150N,03F0140N,31,38,172
2024/04/21 10:25,03F0150N,03F0140N,32,39,34
2024/04/21 10:25,03F0150N,03F0140N,41,40,2
2024/04/21 10:25,03F0150N,03F0140N,42,0,0
2024/04/21 10:25,03F0150N,03F0140N,5,57,1
2024/04/21 10:25,03F0201N,03F0150N,31,230,148
2024/04/21 10:25,03F0201N,03F0150N,32,226,28
2024/04/21 10:25,03F0201N,03F0150N,41,230,1
2024/04/21 10:25,03F0201N,03F0150N,42,253,1
2024/04/21 10:25,03F0201N,03F0150N,5,342,1
2024/04/21 10:25,05F0001N,03F0150N,31,52,98
2024/04/21 10:25,05F0001N,03F0150N,32,52,18
2024/04/21 10:25,05F0001N,03F0150N,41,58,1
2024/04/21 10:25,05F0001N,03F0150N,42,0,0
2024/04/21 10:25,05F0001N,03F0150N,5,0,0
2024/04/21 10:25,03F0136S,03F0158S,31,85,169
2024/04/21 10:25,03F0136S,03F0158S,32,84,39
2024/04/21 10:25,03F0136S,03F0158S,41,83,2
2024/04/21 10:25,03F0136S,03F0158S,42,0,0
2024/04/21 10:25,03F0136S,03F0158S,5,102,2
2024/04/21 10:25,03A0041S,03F0201N,31,160,46
2024/04/21 10:25,03A0041S,03F0201N,32,205,7
2024/04/21 10:25,03A0041S,03F0201N,41,154,2
2024/04/21 10:25,03A0041S,03F0201N,42,0,0
2024/04/21 10:25,03A0041S,03F0201N,5,0,0
2024/04/21 10:25,03F0217N,03F0201N,31,61,147
2024/04/21 10:25,03F0217N,03F0201N,32,61,44
2024/04/21 10:25,03F0217N,03F0201N,41,0,0
2024/04/21 10:25,03F0217N,03F0201N,42,0,0
2024/04/21 10:25,03F0217N,03F0201N,5,0,0
2024/04/21 10:25,03F0158S,03F0201S,31,176,119
2024/04/21 10:25,03F0158S,03F0201S,32,173,29
2024/04/21 10:25,03F0158S,03F0201S,41,207,1
2024/04/21 10:25,03F0158S,03F0201S,42,187,1
2024/04/21 10:25,03F0158S,03F0201S,5,211,2
2024/04/21 10:25,05F0001N,03F0201S,31,214,52
2024/04/21 10:25,05F0001N,03F0201S,32,216,23
2024/04/21 10:25,05F0001N,03F0201S,41,228,4
2024/04/21 10:25,05F0001N,03F0201S,42,0,0
2024/04/21 10:25,05F0001N,03F0201S,5,0,0
2024/04/21 10:25,03F0301N,03F0217N,31,359,173
2024/04/21 10:25,03F0301N,03F0217N,32,353,49
2024/04/21 10:25,03F0301N,03F0217N,41,0,0
2024/04/21 10:25,03F0301N,03F0217N,42,0,0
2024/04/21 10:25,03F0301N,03F0217N,5,0,0
2024/04/21 10:25,03A0041S,03F0217S,31,83,17
2024/04/21 10:25,03A0041S,03F0217S,32,89,5
2024/04/21 10:25,03A0041S,03F0217S,41,0,0
2024/04/21 10:25,03A0041S,03F0217S,42,0,0
2024/04/21 10:25,03A0041S,03F0217S,5,0,0
2024/04/21 10:25,03F0201S,03F0217S,31,62,103
2024/04/21 10:25,03F0201S,03F0217S,32,61,36
2024/04/21 10:25,03F0201S,03F0217S,41,0,0
2024/04/21 10:25,03F0201S,03F0217S,42,66,2
2024/04/21 10:25,03F0201S,03F0217S,5,0,0
2024/04/21 10:25,03F0338N,03F0301N,31,144,191
2024/04/21 10:25,03F0338N,03F0301N,32,145,46
2024/04/21 10:25,03F0338N,03F0301N,41,147,2
2024/04/21 10:25,03F0338N,03F0301N,42,142,1
2024/04/21 10:25,03F0338N,03F0301N,5,146,1
2024/04/21 10:25,03F0217S,03F0301S,31,335,155
2024/04/21 10:25,03F0217S,03F0301S,32,337,45
2024/04/21 10:25,03F0217S,03F0301S,41,0,0
2024/04/21 10:25,03F0217S,03F0301S,42,368,2
2024/04/21 10:25,03F0217S,03F0301S,5,366,2
2024/04/21 10:25,03F0301S,03F0337S,31,145,164
2024/04/21 10:25,03F0301S,03F0337S,32,148,45
2024/04/21 10:25,03F0301S,03F0337S,41,150,2
2024/04/21 10:25,03F0301S,03F0337S,42,155,3
2024/04/21 10:25,03F0301S,03F0337S,5,158,1
2024/04/21 10:25,03F0394N,03F0338N,31,218,190
2024/04/21 10:25,03F0394N,03F0338N,32,217,48
2024/04/21 10:25,03F0394N,03F0338N,41,231,2
2024/04/21 10:25,03F0394N,03F0338N,42,236,2
2024/04/21 10:25,03F0394N,03F0338N,5,249,4
2024/04/21 10:25,03F0447N,03F0394N,31,190,221
2024/04/21 10:25,03F0447N,03F0394N,32,190,43
2024/04/21 10:25,03F0447N,03F0394N,41,207,3
2024/04/21 10:25,03F0447N,03F0394N,42,229,2
2024/04/21 10:25,03F0447N,03F0394N,5,237,2
2024/04/21 10:25,03F0337S,03F0394S,31,224,164
2024/04/21 10:25,03F0337S,03F0394S,32,227,26
2024/04/21 10:25,03F0337S,03F0394S,41,240,2
2024/04/21 10:25,03F0337S,03F0394S,42,247,4
2024/04/21 10:25,03F0337S,03F0394S,5,258,3
2024/04/21 10:25,03F0498N,03F0447N,31,176,269
2024/04/21 10:25,03F0498N,03F0447N,32,180,59
2024/04/21 10:25,03F0498N,03F0447N,41,197,6
2024/04/21 10:25,03F0498N,03F0447N,42,246,1
2024/04/21 10:25,03F0498N,03F0447N,5,0,0
2024/04/21 10:25,03F0394S,03F0447S,31,197,264
2024/04/21 10:25,03F0394S,03F0447S,32,204,63
2024/04/21 10:25,03F0394S,03F0447S,41,215,2
2024/04/21 10:25,03F0394S,03F0447S,42,219,1
2024/04/21 10:25,03F0394S,03F0447S,5,283,4
2024/04/21 10:25,03F0525N,03F0498N,31,95,265
2024/04/21 10:25,03F0525N,03F0498N,32,96,65
2024/04/21 10:25,03F0525N,03F0498N,41,114,5
2024/04/21 10:25,03F0525N,03F0498N,42,106,3
2024/04/21 10:25,03F0525N,03F0498N,5,0,0
2024/04/21 10:25,03F0447S,03F0498S,31,202,356
2024/04/21 10:25,03F0447S,03F0498S,32,205,75
2024/04/21 10:25,03F0447S,03F0498S,41,204,8
2024/04/21 10:25,03F0447S,03F0498S,42,229,1
2024/04/21 10:25,03F0447S,03F0498S,5,234,6
2024/04/21 10:25,01F0511S,03F0525N,31,619,17
2024/04/21 10:25,01F0511S,03F0525N,32,1047,6
2024/04/21 10:25,01F0511S,03F0525N,41,0,0
2024/04/21 10:25,01F0511S,03F0525N,42,3421,1
2024/04/21 10:25,01F0511S,03F0525N,5,0,0
2024/04/21 10:25,01F0532N,03F0525N,31,566,14
2024/04/21 10:25,01F0532N,03F0525N,32,620,3
2024/04/21 10:25,01F0532N,03F0525N,41,0,0
2024/04/21 10:25,01F0532N,03F0525N,42,648,2
2024/04/21 10:25,01F0532N,03F0525N,5,0,0
2024/04/21 10:25,03F0559N,03F0525N,31,117,201
2024/04/21 10:25,03F0559N,03F0525N,32,122,51
2024/04/21 10:25,03F0559N,03F0525N,41,125,4
2024/04/21 10:25,03F0559N,03F0525N,42,132,2
2024/04/21 10:25,03F0559N,03F0525N,5,0,0
2024/04/21 10:25,03F0498S,03F0525S,31,106,328
2024/04/21 10:25,03F0498S,03F0525S,32,108,69
2024/04/21 10:25,03F0498S,03F0525S,41,110,6
2024/04/21 10:25,03F0498S,03F0525S,42,120,3
2024/04/21 10:25,03F0498S,03F0525S,5,122,4
2024/04/21 10:25,03F0648N,03F0559N,31,304,162
2024/04/21 10:25,03F0648N,03F0559N,32,307,45
2024/04/21 10:25,03F0648N,03F0559N,41,323,2
2024/04/21 10:25,03F0648N,03F0559N,42,313,2
2024/04/21 10:25,03F0648N,03F0559N,5,0,0
2024/04/21 10:25,01F0511S,03F0559S,31,636,23
2024/04/21 10:25,01F0511S,03F0559S,32,629,4
2024/04/21 10:25,01F0511S,03F0559S,41,0,0
2024/04/21 10:25,01F0511S,03F0559S,42,0,0
2024/04/21 10:25,01F0511S,03F0559S,5,0,0
2024/04/21 10:25,01F0532N,03F0559S,31,2064,3
2024/04/21 10:25,01F0532N,03F0559S,32,2392,1
2024/04/21 10:25,01F0532N,03F0559S,41,0,0
2024/04/21 10:25,01F0532N,03F0559S,42,0,0
2024/04/21 10:25,01F0532N,03F0559S,5,0,0
2024/04/21 10:25,03F0525S,03F0559S,31,138,287
2024/04/21 10:25,03F0525S,03F0559S,32,138,51
2024/04/21 10:25,03F0525S,03F0559S,41,133,1
2024/04/21 10:25,03F0525S,03F0559S,42,143,1
2024/04/21 10:25,03F0525S,03F0559S,5,152,5
2024/04/21 10:25,03F0698N,03F0648N,31,173,181
2024/04/21 10:25,03F0698N,03F0648N,32,173,36
2024/04/21 10:25,03F0698N,03F0648N,41,186,2
2024/04/21 10:25,03F0698N,03F0648N,42,197,2
2024/04/21 10:25,03F0698N,03F0648N,5,218,1
2024/04/21 10:25,03F0559S,03F0648S,31,399,253
2024/04/21 10:25,03F0559S,03F0648S,32,401,57
2024/04/21 10:25,03F0559S,03F0648S,41,402,4
2024/04/21 10:25,03F0559S,03F0648S,42,0,0
2024/04/21 10:25,03F0559S,03F0648S,5,436,1
2024/04/21 10:25,03F0746N,03F0698N,31,163,166
2024/04/21 10:25,03F0746N,03F0698N,32,167,36
2024/04/21 10:25,03F0746N,03F0698N,41,185,7
2024/04/21 10:25,03F0746N,03F0698N,42,178,2
2024/04/21 10:25,03F0746N,03F0698N,5,181,2
2024/04/21 10:25,03F0648S,03F0698S,31,209,283
2024/04/21 10:25,03F0648S,03F0698S,32,209,52
2024/04/21 10:25,03F0648S,03F0698S,41,227,5
2024/04/21 10:25,03F0648S,03F0698S,42,2038,1
2024/04/21 10:25,03F0648S,03F0698S,5,221,1
2024/04/21 10:25,03F0746S,03F0746N,31,774,6
2024/04/21 10:25,03F0746S,03F0746N,32,2078,2
2024/04/21 10:25,03F0746S,03F0746N,41,0,0
2024/04/21 10:25,03F0746S,03F0746N,42,0,0
2024/04/21 10:25,03F0746S,03F0746N,5,0,0
2024/04/21 10:25,03F0783N,03F0746N,31,127,176
2024/04/21 10:25,03F0783N,03F0746N,32,131,39
2024/04/21 10:25,03F0783N,03F0746N,41,137,3
2024/04/21 10:25,03F0783N,03F0746N,42,0,0
2024/04/21 10:25,03F0783N,03F0746N,5,159,2
2024/04/21 10:25,03F0698S,03F0746S,31,175,220
2024/04/21 10:25,03F0698S,03F0746S,32,177,50
2024/04/21 10:25,03F0698S,03F0746S,41,0,0
2024/04/21 10:25,03F0698S,03F0746S,42,0,0
2024/04/21 10:25,03F0698S,03F0746S,5,314,1
2024/04/21 10:25,03F0846N,03F0783N,31,210,194
2024/04/21 10:25,03F0846N,03F0783N,32,214,42
2024/04/21 10:25,03F0846N,03F0783N,41,266,1
2024/04/21 10:25,03F0846N,03F0783N,42,258,2
2024/04/21 10:25,03F0846N,03F0783N,5,0,0
2024/04/21 10:25,03F0746S,03F0783S,31,127,274
2024/04/21 10:25,03F0746S,03F0783S,32,128,52
2024/04/21 10:25,03F0746S,03F0783S,41,0,0
2024/04/21 10:25,03F0746S,03F0783S,42,150,1
2024/04/21 10:25,03F0746S,03F0783S,5,143,3
2024/04/21 10:25,03F0783N,03F0783S,31,0,0
2024/04/21 10:25,03F0783N,03F0783S,32,0,0
2024/04/21 10:25,03F0783N,03F0783S,41,0,0
2024/04/21 10:25,03F0783N,03F0783S,42,0,0
2024/04/21 10:25,03F0783N,03F0783S,5,0,0
2024/04/21 10:25,03F0961N,03F0846N,31,384,156
2024/04/21 10:25,03F0961N,03F0846N,32,382,31
2024/04/21 10:25,03F0961N,03F0846N,41,414,4
2024/04/21 10:25,03F0961N,03F0846N,42,448,1
2024/04/21 10:25,03F0961N,03F0846N,5,0,0
2024/04/21 10:25,03F0783S,03F0846S,31,218,237
2024/04/21 10:25,03F0783S,03F0846S,32,219,54
2024/04/21 10:25,03F0783S,03F0846S,41,250,2
2024/04/21 10:25,03F0783S,03F0846S,42,215,1
2024/04/21 10:25,03F0783S,03F0846S,5,274,7
2024/04/21 10:25,03F0996N,03F0961N,31,121,183
2024/04/21 10:25,03F0996N,03F0961N,32,126,42
2024/04/21 10:25,03F0996N,03F0961N,41,136,2
2024/04/21 10:25,03F0996N,03F0961N,42,151,3
2024/04/21 10:25,03F0996N,03F0961N,5,146,1
2024/04/21 10:25,03F0846S,03F0961S,31,392,183
2024/04/21 10:25,03F0846S,03F0961S,32,397,38
2024/04/21 10:25,03F0846S,03F0961S,41,513,1
2024/04/21 10:25,03F0846S,03F0961S,42,449,1
2024/04/21 10:25,03F0846S,03F0961S,5,521,4
2024/04/21 10:25,01F0980S,03F0996N,31,144,16
2024/04/21 10:25,01F0980S,03F0996N,32,138,5
2024/04/21 10:25,01F0980S,03F0996N,41,0,0
2024/04/21 10:25,01F0980S,03F0996N,42,0,0
2024/04/21 10:25,01F0980S,03F0996N,5,157,1
2024/04/21 10:25,01F1045N,03F0996N,31,232,82
2024/04/21 10:25,01F1045N,03F0996N,32,233,15
2024/04/21 10:25,01F1045N,03F0996N,41,248,2
2024/04/21 10:25,01F1045N,03F0996N,42,0,0
2024/04/21 10:25,01F1045N,03F0996N,5,0,0
2024/04/21 10:25,03F1022N,03F0996N,31,88,102
2024/04/21 10:25,03F1022N,03F0996N,32,88,23
2024/04/21 10:25,03F1022N,03F0996N,41,0,0
2024/04/21 10:25,03F1022N,03F0996N,42,109,3
2024/04/21 10:25,03F1022N,03F0996N,5,106,2
2024/04/21 10:25,03F0961S,03F0996S,31,119,172
2024/04/21 10:25,03F0961S,03F0996S,32,120,43
2024/04/21 10:25,03F0961S,03F0996S,41,0,0
2024/04/21 10:25,03F0961S,03F0996S,42,133,2
2024/04/21 10:25,03F0961S,03F0996S,5,144,6
2024/04/21 10:25,03F1051N,03F1022N,31,100,185
2024/04/21 10:25,03F1051N,03F1022N,32,97,33
2024/04/21 10:25,03F1051N,03F1022N,41,103,2
2024/04/21 10:25,03F1051N,03F1022N,42,127,3
2024/04/21 10:25,03F1051N,03F1022N,5,116,4
2024/04/21 10:25,01F0980S,03F1022S,31,119,116
2024/04/21 10:25,01F0980S,03F1022S,32,119,22
2024/04/21 10:25,01F0980S,03F1022S,41,119,1
2024/04/21 10:25,01F0980S,03F1022S,42,126,2
2024/04/21 10:25,01F0980S,03F1022S,5,129,3
2024/04/21 10:25,01F1045N,03F1022S,31,303,7
2024/04/21 10:25,01F1045N,03F1022S,32,308,1
2024/04/21 10:25,01F1045N,03F1022S,41,0,0
2024/04/21 10:25,01F1045N,03F1022S,42,0,0
2024/04/21 10:25,01F1045N,03F1022S,5,0,0
2024/04/21 10:25,03F0996S,03F1022S,31,88,102
2024/04/21 10:25,03F0996S,03F1022S,32,90,30
2024/04/21 10:25,03F0996S,03F1022S,41,0,0
2024/04/21 10:25,03F0996S,03F1022S,42,99,3
2024/04/21 10:25,03F0996S,03F1022S,5,116,4
2024/04/21 10:25,03F1128N,03F1051N,31,255,166
2024/04/21 10:25,03F1128N,03F1051N,32,249,28
2024/04/21 10:25,03F1128N,03F1051N,41,279,3
2024/04/21 10:25,03F1128N,03F1051N,42,316,2
2024/04/21 10:25,03F1128N,03F1051N,5,315,4
2024/04/21 10:25,03F1022S,03F1051S,31,98,193
2024/04/21 10:25,03F1022S,03F1051S,32,100,50
2024/04/21 10:25,03F1022S,03F1051S,41,97,1
2024/04/21 10:25,03F1022S,03F1051S,42,102,2
2024/04/21 10:25,03F1022S,03F1051S,5,118,7
2024/04/21 10:25,03F1161N,03F1128N,31,110,176
2024/04/21 10:25,03F1161N,03F1128N,32,110,28
2024/04/21 10:25,03F1161N,03F1128N,41,115,4
2024/04/21 10:25,03F1161N,03F1128N,42,127,3
2024/04/21 10:25,03F1161N,03F1128N,5,126,6
2024/04/21 10:25,03F1051S,03F1128S,31,269,214
2024/04/21 10:25,03F1051S,03F1128S,32,270,47
2024/04/21 10:25,03F1051S,03F1128S,41,268,3
2024/04/21 10:25,03F1051S,03F1128S,42,301,2
2024/04/21 10:25,03F1051S,03F1128S,5,333,9
2024/04/21 10:25,03F1215N,03F1161N,31,175,149
2024/04/21 10:25,03F1215N,03F1161N,32,175,26
2024/04/21 10:25,03F1215N,03F1161N,41,195,3
2024/04/21 10:25,03F1215N,03F1161N,42,227,5
2024/04/21 10:25,03F1215N,03F1161N,5,0,0
2024/04/21 10:25,03F1128S,03F1161S,31,113,197
2024/04/21 10:25,03F1128S,03F1161S,32,115,39
2024/04/21 10:25,03F1128S,03F1161S,41,114,1
2024/04/21 10:25,03F1128S,03F1161S,42,123,2
2024/04/21 10:25,03F1128S,03F1161S,5,135,11
2024/04/21 10:25,03F1257N,03F1215N,31,131,124
2024/04/21 10:25,03F1257N,03F1215N,32,133,23
2024/04/21 10:25,03F1257N,03F1215N,41,142,6
2024/04/21 10:25,03F1257N,03F1215N,42,160,3
2024/04/21 10:25,03F1257N,03F1215N,5,150,3
2024/04/21 10:25,03F1161S,03F1215S,31,175,143
2024/04/21 10:25,03F1161S,03F1215S,32,182,26
2024/04/21 10:25,03F1161S,03F1215S,41,175,2
2024/04/21 10:25,03F1161S,03F1215S,42,0,0
2024/04/21 10:25,03F1161S,03F1215S,5,219,7
2024/04/21 10:25,03F1332N,03F1257N,31,242,105
2024/04/21 10:25,03F1332N,03F1257N,32,245,22
2024/04/21 10:25,03F1332N,03F1257N,41,283,3
2024/04/21 10:25,03F1332N,03F1257N,42,260,3
2024/04/21 10:25,03F1332N,03F1257N,5,281,10
2024/04/21 10:25,03F1215S,03F1257S,31,137,153
2024/04/21 10:25,03F1215S,03F1257S,32,135,44
2024/04/21 10:25,03F1215S,03F1257S,41,142,1
2024/04/21 10:25,03F1215S,03F1257S,42,163,2
2024/04/21 10:25,03F1215S,03F1257S,5,167,6
2024/04/21 10:25,03F1395N,03F1332N,31,204,132
2024/04/21 10:25,03F1395N,03F1332N,32,211,32
2024/04/21 10:25,03F1395N,03F1332N,41,0,0
2024/04/21 10:25,03F1395N,03F1332N,42,230,2
2024/04/21 10:25,03F1395N,03F1332N,5,1223,1
2024/04/21 10:25,03F1257S,03F1332S,31,251,126
2024/04/21 10:25,03F1257S,03F1332S,32,249,38
2024/04/21 10:25,03F1257S,03F1332S,41,266,2
2024/04/21 10:25,03F1257S,03F1332S,42,313,2
2024/04/21 10:25,03F1257S,03F1332S,5,321,2
2024/04/21 10:25,03F1485N,03F1395N,31,291,121
2024/04/21 10:25,03F1485N,03F1395N,32,294,30
2024/04/21 10:25,03F1485N,03F1395N,41,322,12
2024/04/21 10:25,03F1485N,03F1395N,42,307,1
2024/04/21 10:25,03F1485N,03F1395N,5,414,4
2024/04/21 10:25,03F1332S,03F1395S,31,210,139
2024/04/21 10:25,03F1332S,03F1395S,32,208,27
2024/04/21 10:25,03F1332S,03F1395S,41,493,2
2024/04/21 10:25,03F1332S,03F1395S,42,239,1
2024/04/21 10:25,03F1332S,03F1395S,5,278,9
2024/04/21 10:25,03F1633N,03F1485N,31,476,152
2024/04/21 10:25,03F1633N,03F1485N,32,488,24
2024/04/21 10:25,03F1633N,03F1485N,41,0,0
2024/04/21 10:25,03F1633N,03F1485N,42,516,3
2024/04/21 10:25,03F1633N,03F1485N,5,555,1
2024/04/21 10:25,03F1395S,03F1485S,31,300,144
2024/04/21 10:25,03F1395S,03F1485S,32,299,22
2024/04/21 10:25,03F1395S,03F1485S,41,322,5
2024/04/21 10:25,03F1395S,03F1485S,42,298,2
2024/04/21 10:25,03F1395S,03F1485S,5,364,5
2024/04/21 10:25,03F1651N,03F1633N,31,59,176
2024/04/21 10:25,03F1651N,03F1633N,32,59,38
2024/04/21 10:25,03F1651N,03F1633N,41,61,5
2024/04/21 10:25,03F1651N,03F1633N,42,84,1
2024/04/21 10:25,03F1651N,03F1633N,5,67,1
2024/04/21 10:25,03F1485S,03F1633S,31,490,131
2024/04/21 10:25,03F1485S,03F1633S,32,485,24
2024/04/21 10:25,03F1485S,03F1633S,41,550,2
2024/04/21 10:25,03F1485S,03F1633S,42,552,2
2024/04/21 10:25,03F1485S,03F1633S,5,651,3
2024/04/21 10:25,01F1621S,03F1651N,31,0,0
2024/04/21 10:25,01F1621S,03F1651N,32,0,0
2024/04/21 10:25,01F1621S,03F1651N,41,0,0
2024/04/21 10:25,01F1621S,03F1651N,42,0,0
2024/04/21 10:25,01F1621S,03F1651N,5,0,0
2024/04/21 10:25,01F1664N,03F1651N,31,535,37
2024/04/21 10:25,01F1664N,03F1651N,32,515,9
2024/04/21 10:25,01F1664N,03F1651N,41,514,1
2024/04/21 10:25,01F1664N,03F1651N,42,0,0
2024/04/21 10:25,01F1664N,03F1651N,5,0,0
2024/04/21 10:25,03F1710N,03F1651N,31,194,145
2024/04/21 10:25,03F1710N,03F1651N,32,202,25
2024/04/21 10:25,03F1710N,03F1651N,41,207,7
2024/04/21 10:25,03F1710N,03F1651N,42,0,0
2024/04/21 10:25,03F1710N,03F1651N,5,0,0
2024/04/21 10:25,03F1633S,03F1651S,31,59,169
2024/04/21 10:25,03F1633S,03F1651S,32,58,38
2024/04/21 10:25,03F1633S,03F1651S,41,69,3
2024/04/21 10:25,03F1633S,03F1651S,42,62,2
2024/04/21 10:25,03F1633S,03F1651S,5,85,3
2024/04/21 10:25,03F1710S,03F1710N,31,2576,4
2024/04/21 10:25,03F1710S,03F1710N,32,0,0
2024/04/21 10:25,03F1710S,03F1710N,41,0,0
2024/04/21 10:25,03F1710S,03F1710N,42,0,0
2024/04/21 10:25,03F1710S,03F1710N,5,0,0
2024/04/21 10:25,03F1739N,03F1710N,31,95,174
2024/04/21 10:25,03F1739N,03F1710N,32,92,25
2024/04/21 10:25,03F1739N,03F1710N,41,522,2
2024/04/21 10:25,03F1739N,03F1710N,42,124,1
2024/04/21 10:25,03F1739N,03F1710N,5,108,3
2024/04/21 10:25,01F1621S,03F1710S,31,612,2
2024/04/21 10:25,01F1621S,03F1710S,32,0,0
2024/04/21 10:25,01F1621S,03F1710S,41,0,0
2024/04/21 10:25,01F1621S,03F1710S,42,0,0
2024/04/21 10:25,01F1621S,03F1710S,5,0,0
2024/04/21 10:25,01F1664N,03F1710S,31,538,3
2024/04/21 10:25,01F1664N,03F1710S,32,537,3
2024/04/21 10:25,01F1664N,03F1710S,41,0,0
2024/04/21 10:25,01F1664N,03F1710S,42,0,0
2024/04/21 10:25,01F1664N,03F1710S,5,0,0
2024/04/21 10:25,03F1651S,03F1710S,31,201,126
2024/04/21 10:25,03F1651S,03F1710S,32,202,33
2024/04/21 10:25,03F1651S,03F1710S,41,227,8
2024/04/21 10:25,03F1651S,03F1710S,42,222,1
2024/04/21 10:25,03F1651S,03F1710S,5,249,1
2024/04/21 10:25,03F1779N,03F1739N,31,133,154
2024/04/21 10:25,03F1779N,03F1739N,32,133,29
2024/04/21 10:25,03F1779N,03F1739N,41,153,10
2024/04/21 10:25,03F1779N,03F1739N,42,170,1
2024/04/21 10:25,03F1779N,03F1739N,5,154,5
2024/04/21 10:25,03F1710S,03F1739S,31,96,131
2024/04/21 10:25,03F1710S,03F1739S,32,97,36
2024/04/21 10:25,03F1710S,03F1739S,41,102,6
2024/04/21 10:25,03F1710S,03F1739S,42,115,2
2024/04/21 10:25,03F1710S,03F1739S,5,114,4
2024/04/21 10:25,03F1739N,03F1739S,31,1297,3
2024/04/21 10:25,03F1739N,03F1739S,32,0,0
2024/04/21 10:25,03F1739N,03F1739S,41,0,0
2024/04/21 10:25,03F1739N,03F1739S,42,0,0
2024/04/21 10:25,03F1739N,03F1739S,5,2271,1
2024/04/21 10:25,03F1860N,03F1779N,31,277,137
2024/04/21 10:25,03F1860N,03F1779N,32,280,21
2024/04/21 10:25,03F1860N,03F1779N,41,302,9
2024/04/21 10:25,03F1860N,03F1779N,42,323,1
2024/04/21 10:25,03F1860N,03F1779N,5,357,3
2024/04/21 10:25,03F1739S,03F1779S,31,135,113
2024/04/21 10:25,03F1739S,03F1779S,32,134,28
2024/04/21 10:25,03F1739S,03F1779S,41,150,6
2024/04/21 10:25,03F1739S,03F1779S,42,164,2
2024/04/21 10:25,03F1739S,03F1779S,5,161,3
2024/04/21 10:25,03F1941N,03F1860N,31,260,123
2024/04/21 10:25,03F1941N,03F1860N,32,260,40
2024/04/21 10:25,03F1941N,03F1860N,41,273,5
2024/04/21 10:25,03F1941N,03F1860N,42,299,3
2024/04/21 10:25,03F1941N,03F1860N,5,302,5
2024/04/21 10:25,03F1779S,03F1860S,31,270,117
2024/04/21 10:25,03F1779S,03F1860S,32,269,23
2024/04/21 10:25,03F1779S,03F1860S,41,291,7
2024/04/21 10:25,03F1779S,03F1860S,42,316,5
2024/04/21 10:25,03F1779S,03F1860S,5,332,2
2024/04/21 10:25,01F1906S,03F1941N,31,212,7
2024/04/21 10:25,01F1906S,03F1941N,32,244,1
2024/04/21 10:25,01F1906S,03F1941N,41,0,0
2024/04/21 10:25,01F1906S,03F1941N,42,0,0
2024/04/21 10:25,01F1906S,03F1941N,5,0,0
2024/04/21 10:25,01F1960N,03F1941N,31,281,77
2024/04/21 10:25,01F1960N,03F1941N,32,284,15
2024/04/21 10:25,01F1960N,03F1941N,41,298,6
2024/04/21 10:25,01F1960N,03F1941N,42,0,0
2024/04/21 10:25,01F1960N,03F1941N,5,311,4
2024/04/21 10:25,03F1992N,03F1941N,31,170,106
2024/04/21 10:25,03F1992N,03F1941N,32,170,20
2024/04/21 10:25,03F1992N,03F1941N,41,0,0
2024/04/21 10:25,03F1992N,03F1941N,42,179,2
2024/04/21 10:25,03F1992N,03F1941N,5,0,0
2024/04/21 10:25,03F1860S,03F1944S,31,283,191
2024/04/21 10:25,03F1860S,03F1944S,32,289,37
2024/04/21 10:25,03F1860S,03F1944S,41,314,7
2024/04/21 10:25,03F1860S,03F1944S,42,368,2
2024/04/21 10:25,03F1860S,03F1944S,5,317,2
2024/04/21 10:25,01F1906S,03F1991S,31,200,11
2024/04/21 10:25,01F1906S,03F1991S,32,186,3
2024/04/21 10:25,01F1906S,03F1991S,41,204,1
2024/04/21 10:25,01F1906S,03F1991S,42,1844,2
2024/04/21 10:25,01F1906S,03F1991S,5,221,1
2024/04/21 10:25,01F1960N,03F1991S,31,262,45
2024/04/21 10:25,01F1960N,03F1991S,32,268,5
2024/04/21 10:25,01F1960N,03F1991S,41,0,0
2024/04/21 10:25,01F1960N,03F1991S,42,261,1
2024/04/21 10:25,01F1960N,03F1991S,5,263,1
2024/04/21 10:25,03F1944S,03F1991S,31,157,117
2024/04/21 10:25,03F1944S,03F1991S,32,159,30
2024/04/21 10:25,03F1944S,03F1991S,41,171,5
2024/04/21 10:25,03F1944S,03F1991S,42,0,0
2024/04/21 10:25,03F1944S,03F1991S,5,206,1
2024/04/21 10:25,03F2066N,03F1992N,31,246,138
2024/04/21 10:25,03F2066N,03F1992N,32,255,31
2024/04/21 10:25,03F2066N,03F1992N,41,0,0
2024/04/21 10:25,03F2066N,03F1992N,42,0,0
2024/04/21 10:25,03F2066N,03F1992N,5,0,0
2024/04/21 10:25,03F2078N,03F2066N,31,43,186
2024/04/21 10:25,03F2078N,03F2066N,32,44,35
2024/04/21 10:25,03F2078N,03F2066N,41,46,5
2024/04/21 10:25,03F2078N,03F2066N,42,51,5
2024/04/21 10:25,03F2078N,03F2066N,5,0,0
2024/04/21 10:25,03F1991S,03F2066S,31,245,129
2024/04/21 10:25,03F1991S,03F2066S,32,251,15
2024/04/21 10:25,03F1991S,03F2066S,41,282,10
2024/04/21 10:25,03F1991S,03F2066S,42,322,2
2024/04/21 10:25,03F1991S,03F2066S,5,0,0
2024/04/21 10:25,03F2100N,03F2078N,31,77,173
2024/04/21 10:25,03F2100N,03F2078N,32,79,39
2024/04/21 10:25,03F2100N,03F2078N,41,81,5
2024/04/21 10:25,03F2100N,03F2078N,42,95,5
2024/04/21 10:25,03F2100N,03F2078N,5,0,0
2024/04/21 10:25,03F2066S,03F2079S,31,47,245
2024/04/21 10:25,03F2066S,03F2079S,32,47,38
2024/04/21 10:25,03F2066S,03F2079S,41,50,11
2024/04/21 10:25,03F2066S,03F2079S,42,54,5
2024/04/21 10:25,03F2066S,03F2079S,5,0,0
2024/04/21 10:25,03F2125N,03F2100N,31,84,168
2024/04/21 10:25,03F2125N,03F2100N,32,85,40
2024/04/21 10:25,03F2125N,03F2100N,41,81,2
2024/04/21 10:25,03F2125N,03F2100N,42,102,2
2024/04/21 10:25,03F2125N,03F2100N,5,0,0
2024/04/21 10:25,03F2079S,03F2100S,31,72,214
2024/04/21 10:25,03F2079S,03F2100S,32,74,40
2024/04/21 10:25,03F2079S,03F2100S,41,84,11
2024/04/21 10:25,03F2079S,03F2100S,42,88,2
2024/04/21 10:25,03F2079S,03F2100S,5,0,0
2024/04/21 10:25,03F2153N,03F2125N,31,97,235
2024/04/21 10:25,03F2153N,03F2125N,32,98,46
2024/04/21 10:25,03F2153N,03F2125N,41,101,4
2024/04/21 10:25,03F2153N,03F2125N,42,113,2
2024/04/21 10:25,03F2153N,03F2125N,5,0,0
2024/04/21 10:25,03F2100S,03F2129S,31,116,196
2024/04/21 10:25,03F2100S,03F2129S,32,121,40
2024/04/21 10:25,03F2100S,03F2129S,41,115,9
2024/04/21 10:25,03F2100S,03F2129S,42,2311,1
2024/04/21 10:25,03F2100S,03F2129S,5,0,0
2024/04/21 10:25,03F2129S,03F2152S,31,89,271
2024/04/21 10:25,03F2129S,03F2152S,32,89,60
2024/04/21 10:25,03F2129S,03F2152S,41,88,4
2024/04/21 10:25,03F2129S,03F2152S,42,90,3
2024/04/21 10:25,03F2129S,03F2152S,5,91,1
2024/04/21 10:25,03F2194N,03F2153N,31,139,227
2024/04/21 10:25,03F2194N,03F2153N,32,143,60
2024/04/21 10:25,03F2194N,03F2153N,41,148,3
2024/04/21 10:25,03F2194N,03F2153N,42,160,2
2024/04/21 10:25,03F2194N,03F2153N,5,0,0
2024/04/21 10:25,03F2231N,03F2194N,31,118,166
2024/04/21 10:25,03F2231N,03F2194N,32,122,45
2024/04/21 10:25,03F2231N,03F2194N,41,132,1
2024/04/21 10:25,03F2231N,03F2194N,42,146,1
2024/04/21 10:25,03F2231N,03F2194N,5,0,0
2024/04/21 10:25,03F2152S,03F2194S,31,151,332
2024/04/21 10:25,03F2152S,03F2194S,32,153,73
2024/04/21 10:25,03F2152S,03F2194S,41,152,4
2024/04/21 10:25,03F2152S,03F2194S,42,158,3
2024/04/21 10:25,03F2152S,03F2194S,5,0,0
2024/04/21 10:25,03F2260N,03F2231N,31,100,165
2024/04/21 10:25,03F2260N,03F2231N,32,101,32
2024/04/21 10:25,03F2260N,03F2231N,41,0,0
2024/04/21 10:25,03F2260N,03F2231N,42,0,0
2024/04/21 10:25,03F2260N,03F2231N,5,0,0
2024/04/21 10:25,03F2194S,03F2235S,31,139,267
2024/04/21 10:25,03F2194S,03F2235S,32,141,59
2024/04/21 10:25,03F2194S,03F2235S,41,163,1
2024/04/21 10:25,03F2194S,03F2235S,42,168,2
2024/04/21 10:25,03F2194S,03F2235S,5,0,0
2024/04/21 10:25,03F2306N,03F2260N,31,151,148
2024/04/21 10:25,03F2306N,03F2260N,32,152,28
2024/04/21 10:25,03F2306N,03F2260N,41,166,2
2024/04/21 10:25,03F2306N,03F2260N,42,0,0
2024/04/21 10:25,03F2306N,03F2260N,5,209,1
2024/04/21 10:25,03F2235S,03F2261S,31,91,224
2024/04/21 10:25,03F2235S,03F2261S,32,93,63
2024/04/21 10:25,03F2235S,03F2261S,41,100,3
2024/04/21 10:25,03F2235S,03F2261S,42,0,0
2024/04/21 10:25,03F2235S,03F2261S,5,93,1
2024/04/21 10:25,03F2306S,03F2306N,31,2908,4
2024/04/21 10:25,03F2306S,03F2306N,32,2938,3
2024/04/21 10:25,03F2306S,03F2306N,41,0,0
2024/04/21 10:25,03F2306S,03F2306N,42,0,0
2024/04/21 10:25,03F2306S,03F2306N,5,0,0
2024/04/21 10:25,03F2336N,03F2306N,31,103,136
2024/04/21 10:25,03F2336N,03F2306N,32,106,41
2024/04/21 10:25,03F2336N,03F2306N,41,109,2
2024/04/21 10:25,03F2336N,03F2306N,42,0,0
2024/04/21 10:25,03F2336N,03F2306N,5,146,1
2024/04/21 10:25,03F2261S,03F2306S,31,152,192
2024/04/21 10:25,03F2261S,03F2306S,32,155,46
2024/04/21 10:25,03F2261S,03F2306S,41,167,6
2024/04/21 10:25,03F2261S,03F2306S,42,159,1
2024/04/21 10:25,03F2261S,03F2306S,5,162,2
2024/04/21 10:25,03F2415N,03F2336N,31,260,123
2024/04/21 10:25,03F2415N,03F2336N,32,264,30
2024/04/21 10:25,03F2415N,03F2336N,41,277,6
2024/04/21 10:25,03F2415N,03F2336N,42,0,0
2024/04/21 10:25,03F2415N,03F2336N,5,0,0
2024/04/21 10:25,03F2306S,03F2336S,31,104,216
2024/04/21 10:25,03F2306S,03F2336S,32,106,56
2024/04/21 10:25,03F2306S,03F2336S,41,115,7
2024/04/21 10:25,03F2306S,03F2336S,42,108,1
2024/04/21 10:25,03F2306S,03F2336S,5,121,1
2024/04/21 10:25,03F2336N,03F2336S,31,0,0
2024/04/21 10:25,03F2336N,03F2336S,32,0,0
2024/04/21 10:25,03F2336N,03F2336S,41,0,0
2024/04/21 10:25,03F2336N,03F2336S,42,0,0
2024/04/21 10:25,03F2336N,03F2336S,5,0,0
2024/04/21 10:25,03F2447N,03F2415N,31,106,97
2024/04/21 10:25,03F2447N,03F2415N,32,105,21
2024/04/21 10:25,03F2447N,03F2415N,41,118,3
2024/04/21 10:25,03F2447N,03F2415N,42,120,1
2024/04/21 10:25,03F2447N,03F2415N,5,0,0
2024/04/21 10:25,03F2336S,03F2415S,31,269,188
2024/04/21 10:25,03F2336S,03F2415S,32,266,42
2024/04/21 10:25,03F2336S,03F2415S,41,298,5
2024/04/21 10:25,03F2336S,03F2415S,42,294,4
2024/04/21 10:25,03F2336S,03F2415S,5,0,0
2024/04/21 10:25,03F2535N,03F2447N,31,289,113
2024/04/21 10:25,03F2535N,03F2447N,32,290,25
2024/04/21 10:25,03F2535N,03F2447N,41,318,6
2024/04/21 10:25,03F2535N,03F2447N,42,387,1
2024/04/21 10:25,03F2535N,03F2447N,5,0,0
2024/04/21 10:25,03F2415S,03F2447S,31,107,128
2024/04/21 10:25,03F2415S,03F2447S,32,104,28
2024/04/21 10:25,03F2415S,03F2447S,41,123,3
2024/04/21 10:25,03F2415S,03F2447S,42,132,2
2024/04/21 10:25,03F2415S,03F2447S,5,0,0
2024/04/21 10:25,03F2614N,03F2535N,31,252,109
2024/04/21 10:25,03F2614N,03F2535N,32,253,18
2024/04/21 10:25,03F2614N,03F2535N,41,311,8
2024/04/21 10:25,03F2614N,03F2535N,42,299,2
2024/04/21 10:25,03F2614N,03F2535N,5,313,1
2024/04/21 10:25,03F2447S,03F2535S,31,281,100
2024/04/21 10:25,03F2447S,03F2535S,32,284,18
2024/04/21 10:25,03F2447S,03F2535S,41,311,3
2024/04/21 10:25,03F2447S,03F2535S,42,311,1
2024/04/21 10:25,03F2447S,03F2535S,5,354,1
2024/04/21 10:25,03F2709N,03F2614N,31,308,98
2024/04/21 10:25,03F2709N,03F2614N,32,307,28
2024/04/21 10:25,03F2709N,03F2614N,41,343,8
2024/04/21 10:25,03F2709N,03F2614N,42,0,0
2024/04/21 10:25,03F2709N,03F2614N,5,0,0
2024/04/21 10:25,03F2535S,03F2614S,31,254,108
2024/04/21 10:25,03F2535S,03F2614S,32,255,22
2024/04/21 10:25,03F2535S,03F2614S,41,290,2
2024/04/21 10:25,03F2535S,03F2614S,42,0,0
2024/04/21 10:25,03F2535S,03F2614S,5,0,0
2024/04/21 10:25,03F2747N,03F2709N,31,124,118
2024/04/21 10:25,03F2747N,03F2709N,32,126,25
2024/04/21 10:25,03F2747N,03F2709N,41,125,1
2024/04/21 10:25,03F2747N,03F2709N,42,0,0
2024/04/21 10:25,03F2747N,03F2709N,5,129,1
2024/04/21 10:25,03F2614S,03F2709S,31,307,81
2024/04/21 10:25,03F2614S,03F2709S,32,308,26
2024/04/21 10:25,03F2614S,03F2709S,41,323,5
2024/04/21 10:25,03F2614S,03F2709S,42,0,0
2024/04/21 10:25,03F2614S,03F2709S,5,0,0
2024/04/21 10:25,03F2747S,03F2747N,31,0,0
2024/04/21 10:25,03F2747S,03F2747N,32,1484,1
2024/04/21 10:25,03F2747S,03F2747N,41,0,0
2024/04/21 10:25,03F2747S,03F2747N,42,0,0
2024/04/21 10:25,03F2747S,03F2747N,5,0,0
2024/04/21 10:25,03F2777N,03F2747N,31,99,112
2024/04/21 10:25,03F2777N,03F2747N,32,100,29
2024/04/21 10:25,03F2777N,03F2747N,41,102,1
2024/04/21 10:25,03F2777N,03F2747N,42,119,1
2024/04/21 10:25,03F2777N,03F2747N,5,124,1
2024/04/21 10:25,03F2709S,03F2747S,31,124,104
2024/04/21 10:25,03F2709S,03F2747S,32,125,31
2024/04/21 10:25,03F2709S,03F2747S,41,130,6
2024/04/21 10:25,03F2709S,03F2747S,42,146,1
2024/04/21 10:25,03F2709S,03F2747S,5,0,0
2024/04/21 10:25,03F2840N,03F2777N,31,208,123
2024/04/21 10:25,03F2840N,03F2777N,32,214,33
2024/04/21 10:25,03F2840N,03F2777N,41,265,1
2024/04/21 10:25,03F2840N,03F2777N,42,250,1
2024/04/21 10:25,03F2840N,03F2777N,5,263,1
2024/04/21 10:25,03F2747S,03F2777S,31,96,103
2024/04/21 10:25,03F2747S,03F2777S,32,95,26
2024/04/21 10:25,03F2747S,03F2777S,41,104,8
2024/04/21 10:25,03F2747S,03F2777S,42,0,0
2024/04/21 10:25,03F2747S,03F2777S,5,109,1
2024/04/21 10:25,03F2777N,03F2777S,31,0,0
2024/04/21 10:25,03F2777N,03F2777S,32,0,0
2024/04/21 10:25,03F2777N,03F2777S,41,0,0
2024/04/21 10:25,03F2777N,03F2777S,42,0,0
2024/04/21 10:25,03F2777N,03F2777S,5,0,0
2024/04/21 10:25,03F2899N,03F2840N,31,193,122
2024/04/21 10:25,03F2899N,03F2840N,32,196,25
2024/04/21 10:25,03F2899N,03F2840N,41,198,4
2024/04/21 10:25,03F2899N,03F2840N,42,232,2
2024/04/21 10:25,03F2899N,03F2840N,5,0,0
2024/04/21 10:25,03F2777S,03F2840S,31,205,121
2024/04/21 10:25,03F2777S,03F2840S,32,201,24
2024/04/21 10:25,03F2777S,03F2840S,41,209,1
2024/04/21 10:25,03F2777S,03F2840S,42,223,4
2024/04/21 10:25,03F2777S,03F2840S,5,242,2
2024/04/21 10:25,03F2923N,03F2899N,31,75,126
2024/04/21 10:25,03F2923N,03F2899N,32,77,27
2024/04/21 10:25,03F2923N,03F2899N,41,89,2
2024/04/21 10:25,03F2923N,03F2899N,42,80,1
2024/04/21 10:25,03F2923N,03F2899N,5,0,0
2024/04/21 10:25,03F2840S,03F2899S,31,189,96
2024/04/21 10:25,03F2840S,03F2899S,32,189,21
2024/04/21 10:25,03F2840S,03F2899S,41,202,6
2024/04/21 10:25,03F2840S,03F2899S,42,236,1
2024/04/21 10:25,03F2840S,03F2899S,5,235,1
2024/04/21 10:25,03F2985N,03F2923N,31,211,106
2024/04/21 10:25,03F2985N,03F2923N,32,217,39
2024/04/21 10:25,03F2985N,03F2923N,41,237,2
2024/04/21 10:25,03F2985N,03F2923N,42,219,2
2024/04/21 10:25,03F2985N,03F2923N,5,0,0
2024/04/21 10:25,03F2899S,03F2923S,31,76,89
2024/04/21 10:25,03F2899S,03F2923S,32,77,19
2024/04/21 10:25,03F2899S,03F2923S,41,82,6
2024/04/21 10:25,03F2899S,03F2923S,42,82,1
2024/04/21 10:25,03F2899S,03F2923S,5,0,0
2024/04/21 10:25,03F3101N,03F2985N,31,379,116
2024/04/21 10:25,03F3101N,03F2985N,32,387,26
2024/04/21 10:25,03F3101N,03F2985N,41,450,6
2024/04/21 10:25,03F3101N,03F2985N,42,432,1
2024/04/21 10:25,03F3101N,03F2985N,5,438,2
2024/04/21 10:25,03F2923S,03F2985S,31,206,98
2024/04/21 10:25,03F2923S,03F2985S,32,203,18
2024/04/21 10:25,03F2923S,03F2985S,41,219,4
2024/04/21 10:25,03F2923S,03F2985S,42,255,3
2024/04/21 10:25,03F2923S,03F2985S,5,0,0
2024/04/21 10:25,03F3187N,03F3101N,31,287,123
2024/04/21 10:25,03F3187N,03F3101N,32,286,26
2024/04/21 10:25,03F3187N,03F3101N,41,306,1
2024/04/21 10:25,03F3187N,03F3101N,42,0,0
2024/04/21 10:25,03F3187N,03F3101N,5,0,0
2024/04/21 10:25,03F2985S,03F3101S,31,378,79
2024/04/21 10:25,03F2985S,03F3101S,32,383,26
2024/04/21 10:25,03F2985S,03F3101S,41,404,3
2024/04/21 10:25,03F2985S,03F3101S,42,396,1
2024/04/21 10:25,03F2985S,03F3101S,5,0,0
2024/04/21 10:25,03F3187S,03F3187N,31,449,1
2024/04/21 10:25,03F3187S,03F3187N,32,686,1
2024/04/21 10:25,03F3187S,03F3187N,41,0,0
2024/04/21 10:25,03F3187S,03F3187N,42,0,0
2024/04/21 10:25,03F3187S,03F3187N,5,0,0
2024/04/21 10:25,03F3211N,03F3187N,31,82,167
2024/04/21 10:25,03F3211N,03F3187N,32,85,42
2024/04/21 10:25,03F3211N,03F3187N,41,0,0
2024/04/21 10:25,03F3211N,03F3187N,42,0,0
2024/04/21 10:25,03F3211N,03F3187N,5,100,3
2024/04/21 10:25,03F3101S,03F3187S,31,278,83
2024/04/21 10:25,03F3101S,03F3187S,32,284,16
2024/04/21 10:25,03F3101S,03F3187S,41,306,3
2024/04/21 10:25,03F3101S,03F3187S,42,314,1
2024/04/21 10:25,03F3101S,03F3187S,5,379,1
2024/04/21 10:25,03F3259N,03F3211N,31,155,178
2024/04/21 10:25,03F3259N,03F3211N,32,155,39
2024/04/21 10:25,03F3259N,03F3211N,41,159,1
2024/04/21 10:25,03F3259N,03F3211N,42,0,0
2024/04/21 10:25,03F3259N,03F3211N,5,196,3
2024/04/21 10:25,03F3187S,03F3211S,31,77,72
2024/04/21 10:25,03F3187S,03F3211S,32,80,17
2024/04/21 10:25,03F3187S,03F3211S,41,88,5
2024/04/21 10:25,03F3187S,03F3211S,42,0,0
2024/04/21 10:25,03F3187S,03F3211S,5,103,1
2024/04/21 10:25,03F3211N,03F3211S,31,2012,2
2024/04/21 10:25,03F3211N,03F3211S,32,1387,2
2024/04/21 10:25,03F3211N,03F3211S,41,0,0
2024/04/21 10:25,03F3211N,03F3211S,42,1814,1
2024/04/21 10:25,03F3211N,03F3211S,5,0,0
2024/04/21 10:25,03F3307N,03F3259N,31,159,185
2024/04/21 10:25,03F3307N,03F3259N,32,165,42
2024/04/21 10:25,03F3307N,03F3259N,41,167,5
2024/04/21 10:25,03F3307N,03F3259N,42,183,3
2024/04/21 10:25,03F3307N,03F3259N,5,199,2
2024/04/21 10:25,03F3211S,03F3259S,31,155,85
2024/04/21 10:25,03F3211S,03F3259S,32,155,23
2024/04/21 10:25,03F3211S,03F3259S,41,162,5
2024/04/21 10:25,03F3211S,03F3259S,42,170,1
2024/04/21 10:25,03F3211S,03F3259S,5,0,0
2024/04/21 10:25,03F3392N,03F3307N,31,285,171
2024/04/21 10:25,03F3392N,03F3307N,32,286,40
2024/04/21 10:25,03F3392N,03F3307N,41,304,4
2024/04/21 10:25,03F3392N,03F3307N,42,339,4
2024/04/21 10:25,03F3392N,03F3307N,5,321,2
2024/04/21 10:25,03F3259S,03F3307S,31,158,105
2024/04/21 10:25,03F3259S,03F3307S,32,153,20
2024/04/21 10:25,03F3259S,03F3307S,41,177,4
2024/04/21 10:25,03F3259S,03F3307S,42,185,1
2024/04/21 10:25,03F3259S,03F3307S,5,202,1
2024/04/21 10:25,03F3445N,03F3392N,31,178,205
2024/04/21 10:25,03F3445N,03F3392N,32,180,46
2024/04/21 10:25,03F3445N,03F3392N,41,217,1
2024/04/21 10:25,03F3445N,03F3392N,42,210,4
2024/04/21 10:25,03F3445N,03F3392N,5,0,0
2024/04/21 10:25,03F3307S,03F3392S,31,273,108
2024/04/21 10:25,03F3307S,03F3392S,32,282,29
2024/04/21 10:25,03F3307S,03F3392S,41,326,2
2024/04/21 10:25,03F3307S,03F3392S,42,284,1
2024/04/21 10:25,03F3307S,03F3392S,5,0,0
2024/04/21 10:25,01F3126S,03F3445N,31,630,1
2024/04/21 10:25,01F3126S,03F3445N,32,0,0
2024/04/21 10:25,01F3126S,03F3445N,41,0,0
2024/04/21 10:25,01F3126S,03F3445N,42,0,0
2024/04/21 10:25,01F3126S,03F3445N,5,0,0
2024/04/21 10:25,01F3185N,03F3445N,31,619,30
2024/04/21 10:25,01F3185N,03F3445N,32,619,11
2024/04/21 10:25,01F3185N,03F3445N,41,613,1
2024/04/21 10:25,01F3185N,03F3445N,42,0,0
2024/04/21 10:25,01F3185N,03F3445N,5,0,0
2024/04/21 10:25,03F3496N,03F3445N,31,173,162
2024/04/21 10:25,03F3496N,03F3445N,32,175,36
2024/04/21 10:25,03F3496N,03F3445N,41,186,3
2024/04/21 10:25,03F3496N,03F3445N,42,170,1
2024/04/21 10:25,03F3496N,03F3445N,5,202,2
2024/04/21 10:25,03F3392S,03F3445S,31,176,103
2024/04/21 10:25,03F3392S,03F3445S,32,176,30
2024/04/21 10:25,03F3392S,03F3445S,41,196,1
2024/04/21 10:25,03F3392S,03F3445S,42,179,1
2024/04/21 10:25,03F3392S,03F3445S,5,214,1
2024/04/21 10:25,03F3588N,03F3496N,31,298,127
2024/04/21 10:25,03F3588N,03F3496N,32,306,24
2024/04/21 10:25,03F3588N,03F3496N,41,324,3
2024/04/21 10:25,03F3588N,03F3496N,42,310,1
2024/04/21 10:25,03F3588N,03F3496N,5,355,3
2024/04/21 10:25,01F3126S,03F3496S,31,596,17
2024/04/21 10:25,01F3126S,03F3496S,32,600,2
2024/04/21 10:25,01F3126S,03F3496S,41,668,2
2024/04/21 10:25,01F3126S,03F3496S,42,0,0
2024/04/21 10:25,01F3126S,03F3496S,5,0,0
2024/04/21 10:25,01F3185N,03F3496S,31,596,2
2024/04/21 10:25,01F3185N,03F3496S,32,0,0
2024/04/21 10:25,01F3185N,03F3496S,41,0,0
2024/04/21 10:25,01F3185N,03F3496S,42,0,0
2024/04/21 10:25,01F3185N,03F3496S,5,0,0
2024/04/21 10:25,03F3445S,03F3496S,31,168,82
2024/04/21 10:25,03F3445S,03F3496S,32,166,29
2024/04/21 10:25,03F3445S,03F3496S,41,187,1
2024/04/21 10:25,03F3445S,03F3496S,42,0,0
2024/04/21 10:25,03F3445S,03F3496S,5,211,1
2024/04/21 10:25,03F3670N,03F3588N,31,271,128
2024/04/21 10:25,03F3670N,03F3588N,32,273,32
2024/04/21 10:25,03F3670N,03F3588N,41,962,4
2024/04/21 10:25,03F3670N,03F3588N,42,324,4
2024/04/21 10:25,03F3670N,03F3588N,5,323,3
2024/04/21 10:25,03F3496S,03F3588S,31,303,108
2024/04/21 10:25,03F3496S,03F3588S,32,311,18
2024/04/21 10:25,03F3496S,03F3588S,41,335,8
2024/04/21 10:25,03F3496S,03F3588S,42,579,2
2024/04/21 10:25,03F3496S,03F3588S,5,389,2
2024/04/21 10:25,03F3743N,03F3670N,31,242,121
2024/04/21 10:25,03F3743N,03F3670N,32,241,25
2024/04/21 10:25,03F3743N,03F3670N,41,267,3
2024/04/21 10:25,03F3743N,03F3670N,42,263,1
2024/04/21 10:25,03F3743N,03F3670N,5,378,3
2024/04/21 10:25,03F3588S,03F3670S,31,271,126
2024/04/21 10:25,03F3588S,03F3670S,32,284,35
2024/04/21 10:25,03F3588S,03F3670S,41,929,3
2024/04/21 10:25,03F3588S,03F3670S,42,321,7
2024/04/21 10:25,03F3588S,03F3670S,5,324,5
2024/04/21 10:25,01F3590S,03F3743N,31,0,0
2024/04/21 10:25,01F3590S,03F3743N,32,0,0
2024/04/21 10:25,01F3590S,03F3743N,41,0,0
2024/04/21 10:25,01F3590S,03F3743N,42,0,0
2024/04/21 10:25,01F3590S,03F3743N,5,0,0
2024/04/21 10:25,01F3640N,03F3743N,31,1110,14
2024/04/21 10:25,01F3640N,03F3743N,32,1080,5
2024/04/21 10:25,01F3640N,03F3743N,41,1316,1
2024/04/21 10:25,01F3640N,03F3743N,42,0,0
2024/04/21 10:25,01F3640N,03F3743N,5,0,0
2024/04/21 10:25,03F3854N,03F3743N,31,381,77
2024/04/21 10:25,03F3854N,03F3743N,32,385,15
2024/04/21 10:25,03F3854N,03F3743N,41,412,2
2024/04/21 10:25,03F3854N,03F3743N,42,0,0
2024/04/21 10:25,03F3854N,03F3743N,5,0,0
2024/04/21 10:25,03F3670S,03F3743S,31,240,112
2024/04/21 10:25,03F3670S,03F3743S,32,248,21
2024/04/21 10:25,03F3670S,03F3743S,41,267,3
2024/04/21 10:25,03F3670S,03F3743S,42,295,2
2024/04/21 10:25,03F3670S,03F3743S,5,276,3
2024/04/21 10:25,03F3916N,03F3854N,31,208,77
2024/04/21 10:25,03F3916N,03F3854N,32,211,21
2024/04/21 10:25,03F3916N,03F3854N,41,0,0
2024/04/21 10:25,03F3916N,03F3854N,42,240,5
2024/04/21 10:25,03F3916N,03F3854N,5,0,0
2024/04/21 10:25,01F3590S,03F3854S,31,1051,1
2024/04/21 10:25,01F3590S,03F3854S,32,0,0
2024/04/21 10:25,01F3590S,03F3854S,41,0,0
2024/04/21 10:25,01F3590S,03F3854S,42,0,0
2024/04/21 10:25,01F3590S,03F3854S,5,0,0
2024/04/21 10:25,01F3640N,03F3854S,31,851,12
2024/04/21 10:25,01F3640N,03F3854S,32,859,2
2024/04/21 10:25,01F3640N,03F3854S,41,0,0
2024/04/21 10:25,01F3640N,03F3854S,42,0,0
2024/04/21 10:25,01F3640N,03F3854S,5,0,0
2024/04/21 10:25,03F3743S,03F3854S,31,369,54
2024/04/21 10:25,03F3743S,03F3854S,32,363,16
2024/04/21 10:25,03F3743S,03F3854S,41,387,4
2024/04/21 10:25,03F3743S,03F3854S,42,373,1
2024/04/21 10:25,03F3743S,03F3854S,5,0,0
2024/04/21 10:25,03F3984N,03F3916N,31,228,79
2024/04/21 10:25,03F3984N,03F3916N,32,222,20
2024/04/21 10:25,03F3984N,03F3916N,41,225,3
2024/04/21 10:25,03F3984N,03F3916N,42,263,5
2024/04/21 10:25,03F3984N,03F3916N,5,258,1
2024/04/21 10:25,03F3854S,03F3916S,31,206,105
2024/04/21 10:25,03F3854S,03F3916S,32,205,31
2024/04/21 10:25,03F3854S,03F3916S,41,220,5
2024/04/21 10:25,03F3854S,03F3916S,42,229,1
2024/04/21 10:25,03F3854S,03F3916S,5,0,0
2024/04/21 10:25,03F3916S,03F3981S,31,224,88
2024/04/21 10:25,03F3916S,03F3981S,32,226,24
2024/04/21 10:25,03F3916S,03F3981S,41,0,0
2024/04/21 10:25,03F3916S,03F3981S,42,221,2
2024/04/21 10:25,03F3916S,03F3981S,5,0,0
2024/04/21 10:25,03F4021N,03F3984N,31,124,42
2024/04/21 10:25,03F4021N,03F3984N,32,121,23
2024/04/21 10:25,03F4021N,03F3984N,41,0,0
2024/04/21 10:25,03F4021N,03F3984N,42,146,3
2024/04/21 10:25,03F4021N,03F3984N,5,0,0
2024/04/21 10:25,03F3981S,03F4018S,31,126,69
2024/04/21 10:25,03F3981S,03F4018S,32,121,14
2024/04/21 10:25,03F3981S,03F4018S,41,142,1
2024/04/21 10:25,03F3981S,03F4018S,42,124,1
2024/04/21 10:25,03F3981S,03F4018S,5,0,0
2024/04/21 10:25,03F4142N,03F4021N,31,399,44
2024/04/21 10:25,03F4142N,03F4021N,32,388,16
2024/04/21 10:25,03F4142N,03F4021N,41,483,2
2024/04/21 10:25,03F4142N,03F4021N,42,531,1
2024/04/21 10:25,03F4142N,03F4021N,5,484,1
2024/04/21 10:25,03F4168N,03F4142N,31,85,42
2024/04/21 10:25,03F4168N,03F4142N,32,86,9
2024/04/21 10:25,03F4168N,03F4142N,41,86,1
2024/04/21 10:25,03F4168N,03F4142N,42,100,2
2024/04/21 10:25,03F4168N,03F4142N,5,0,0
2024/04/21 10:25,03F4018S,03F4142S,31,411,64
2024/04/21 10:25,03F4018S,03F4142S,32,412,14
2024/04/21 10:25,03F4018S,03F4142S,41,433,1
2024/04/21 10:25,03F4018S,03F4142S,42,462,1
2024/04/21 10:25,03F4018S,03F4142S,5,0,0
2024/04/21 10:25,03F4232N,03F4168N,31,215,67
2024/04/21 10:25,03F4232N,03F4168N,32,226,16
2024/04/21 10:25,03F4232N,03F4168N,41,243,2
2024/04/21 10:25,03F4232N,03F4168N,42,0,0
2024/04/21 10:25,03F4232N,03F4168N,5,0,0
2024/04/21 10:25,03F4142S,03F4168S,31,88,66
2024/04/21 10:25,03F4142S,03F4168S,32,89,9
2024/04/21 10:25,03F4142S,03F4168S,41,91,1
2024/04/21 10:25,03F4142S,03F4168S,42,102,2
2024/04/21 10:25,03F4142S,03F4168S,5,0,0
2024/04/21 10:25,03F4259N,03F4232N,31,92,24
2024/04/21 10:25,03F4259N,03F4232N,32,92,7
2024/04/21 10:25,03F4259N,03F4232N,41,101,2
2024/04/21 10:25,03F4259N,03F4232N,42,0,0
2024/04/21 10:25,03F4259N,03F4232N,5,0,0
2024/04/21 10:25,03F4168S,03F4232S,31,225,147
2024/04/21 10:25,03F4168S,03F4232S,32,231,33
2024/04/21 10:25,03F4168S,03F4232S,41,233,2
2024/04/21 10:25,03F4168S,03F4232S,42,0,0
2024/04/21 10:25,03F4168S,03F4232S,5,256,2
2024/04/21 10:25,03F4232S,03F4263S,31,103,43
2024/04/21 10:25,03F4232S,03F4263S,32,106,8
2024/04/21 10:25,03F4232S,03F4263S,41,113,1
2024/04/21 10:25,03F4232S,03F4263S,42,0,0
2024/04/21 10:25,03F4232S,03F4263S,5,0,0
2024/04/21 10:25,03F0158S,05F0000S,31,54,83
2024/04/21 10:25,03F0158S,05F0000S,32,54,16
2024/04/21 10:25,03F0158S,05F0000S,41,48,4
2024/04/21 10:25,03F0158S,05F0000S,42,0,0
2024/04/21 10:25,03F0158S,05F0000S,5,0,0
2024/04/21 10:25,03F0201N,05F0000S,31,217,66
2024/04/21 10:25,03F0201N,05F0000S,32,215,16
2024/04/21 10:25,03F0201N,05F0000S,41,215,3
2024/04/21 10:25,03F0201N,05F0000S,42,0,0
2024/04/21 10:25,03F0201N,05F0000S,5,0,0
2024/04/21 10:25,05F0055N,05F0001N,31,257,150
2024/04/21 10:25,05F0055N,05F0001N,32,263,37
2024/04/21 10:25,05F0055N,05F0001N,41,272,4
2024/04/21 10:25,05F0055N,05F0001N,42,0,0
2024/04/21 10:25,05F0055N,05F0001N,5,0,0
2024/04/21 10:25,05F0287N,05F0055N,31,1240,129
2024/04/21 10:25,05F0287N,05F0055N,32,1240,37
2024/04/21 10:25,05F0287N,05F0055N,41,1183,4
2024/04/21 10:25,05F0287N,05F0055N,42,0,0
2024/04/21 10:25,05F0287N,05F0055N,5,0,0
2024/04/21 10:25,05F0000S,05F0055S,31,260,129
2024/04/21 10:25,05F0000S,05F0055S,32,261,30
2024/04/21 10:25,05F0000S,05F0055S,41,268,4
2024/04/21 10:25,05F0000S,05F0055S,42,0,0
2024/04/21 10:25,05F0000S,05F0055S,5,0,0
2024/04/21 10:25,05F0309N,05F0287N,31,130,86
2024/04/21 10:25,05F0309N,05F0287N,32,132,25
2024/04/21 10:25,05F0309N,05F0287N,41,130,6
2024/04/21 10:25,05F0309N,05F0287N,42,0,0
2024/04/21 10:25,05F0309N,05F0287N,5,0,0
2024/04/21 10:25,05F0055S,05F0287S,31,1053,93
2024/04/21 10:25,05F0055S,05F0287S,32,1046,22
2024/04/21 10:25,05F0055S,05F0287S,41,1241,11
2024/04/21 10:25,05F0055S,05F0287S,42,0,0
2024/04/21 10:25,05F0055S,05F0287S,5,0,0
2024/04/21 10:25,05F0438N,05F0309N,31,484,64
2024/04/21 10:25,05F0438N,05F0309N,32,483,22
2024/04/21 10:25,05F0438N,05F0309N,41,519,1
2024/04/21 10:25,05F0438N,05F0309N,42,549,1
2024/04/21 10:25,05F0438N,05F0309N,5,507,2
2024/04/21 10:25,05F0287S,05F0309S,31,88,60
2024/04/21 10:25,05F0287S,05F0309S,32,87,16
2024/04/21 10:25,05F0287S,05F0309S,41,96,2
2024/04/21 10:25,05F0287S,05F0309S,42,0,0
2024/04/21 10:25,05F0287S,05F0309S,5,0,0
2024/04/21 10:25,05F0528N,05F0438N,31,342,22
2024/04/21 10:25,05F0528N,05F0438N,32,341,5
2024/04/21 10:25,05F0528N,05F0438N,41,0,0
2024/04/21 10:25,05F0528N,05F0438N,42,383,2
2024/04/21 10:25,05F0528N,05F0438N,5,0,0
2024/04/21 10:25,05F0309S,05F0439S,31,488,71
2024/04/21 10:25,05F0309S,05F0439S,32,453,8
2024/04/21 10:25,05F0309S,05F0439S,41,507,2
2024/04/21 10:25,05F0309S,05F0439S,42,503,1
2024/04/21 10:25,05F0309S,05F0439S,5,0,0
2024/04/21 10:25,05FR113S,05F0439S,31,109,31
2024/04/21 10:25,05FR113S,05F0439S,32,119,3
2024/04/21 10:25,05FR113S,05F0439S,41,0,0
2024/04/21 10:25,05FR113S,05F0439S,42,0,0
2024/04/21 10:25,05FR113S,05F0439S,5,0,0
2024/04/21 10:25,05F0439S,05F0494S,31,203,39
2024/04/21 10:25,05F0439S,05F0494S,32,201,4
2024/04/21 10:25,05F0439S,05F0494S,41,0,0
2024/04/21 10:25,05F0439S,05F0494S,42,0,0
2024/04/21 10:25,05F0439S,05F0494S,5,0,0
2024/04/21 10:25,05F0438N,05FR143N,31,103,8
2024/04/21 10:25,05F0438N,05FR143N,32,110,1
2024/04/21 10:25,05F0438N,05FR143N,41,0,0
2024/04/21 10:25,05F0438N,05FR143N,42,115,2
2024/04/21 10:25,05F0438N,05FR143N,5,0,0
